93039
95622
94887
94686
92257
87782
92271
43575
94556
82338
92591
79511
43284
93101
90309
90328
79515
92850
79512
51794
55243
74575
84348
84347
90784
84397
75015
87487
75409
84152
82816
85932
93151
42538
42630
85401
85117
87759
26370
83869
47348
84071
93152
82976
95781
81788
85490
94330
84650
84178
83871
83666
78236
60279
77556
77293
72503
77372
40828
65026
73395
73264
71979
60500
65028
63315
70573
68249
72485
58174
84482
47272
73963
74574
74572
45031
36821
74209
74208
70689
73965
73964
69867
61382
72958
67919
75094
74578
57227
72617
72616
84072
57297
57392
67397
48512
71484
71326
54701
65316
70309
68828
69993
69982
69971
69324
43487
69600
53769
69175
92290
71091
58659
68827
68578
59391
33937
34856
62905
83874
49986
43061
43493
65024
61226
65645
43265
42641
61282
43634
50037
73358
42684
62026
37737
62171
43676
61069
62024
95786
53463
43677
42469
62829
55951
53475
87762
73078
51481
62025
71364
58454
41460
97147
92802
41787
63535
57235
91961
61233
56496
43672
51719
55573
75050
71529
71502
50046
50043
53855
55195
62432
54553
58733
57484
57342
57244
54700
44101
72225
47347
88051
69539
58660
9318
93116
87871
55798
63571
36793
98002
21297
57268
88052
88050
87928
43587
48892
48785
62963
42422
46305
61431
57676
55743
94506
61229
36796
50033
61459
50105
43417
93175
46377
50067
71898
69642
63979
55695
46699
46378
93167
62738
56375
56277
44154
31599
93228
93227
36795
94517
72070
50078
54479
71243
41489
42212
40653
39537
40127
42415
95780
94516
54282
63358
57119
57083
42907
43272
57104
57080
61379
53103
69644
94508
45158
57002
36478
36170
88803
42666
42761
42623
42074
38659
32181
57114
72069
43280
57085
42734
93239
92617
42619
57129
57112
56751
97808
42202
45239
33826
43640
18692
35669
32510
41786
32445
97738
43278
57110
56974
67285
97830
93241
42852
57005
49919
63931
42878
57007
74316
34850
57010
57006
67201
43453
28417
34500
71565
33858
63538
65325
56154
56060
43441
42742
42735
42677
42676
42229
27729
43436
42327
56615
43261
31445
42874
22636
28345
29932
42344
36794
24690
41907
33436
43673
42706
97730
37974
43256
27790
68471
56520
43446
42425
38235
42833
27428
43406
43372
32565
27087
53459
42039
42475
33859
60385
34450
57105
42291
43452
43360
43275
42675
42673
42668
42616
42304
41950
7551
72161
32393
34443
72523
67200
41975
41684
33422
39428
35513
41781
20409
26954
35197
41777
41632
43433
42859
31354
23402
30363
43442
42631
41713
35213
30861
36927
25670
56944
56451
41776
21419
34246
30219
43523
21230
21735
21607
43273
71921
43290
39108
33407
65043
26686
41644
30807
43289
19006
43291
42767
42754
42700
42638
42432
42337
42077
41707
34512
19748
18767
23228
42017
42025
21192
67199
41969
41964
42535
23401
33861
42042
42024
30733
23940
18654
41943
41681
27602
38743
23949
21093
97538
26176
35205
51158
42843
42034
42023
42021
27242
34794
43532
41940
34278
34183
4511
41941
41682
23572
21633
23202
28977
23510
43101
42474
34760
32314
25702
18170
43370
60220
26106
67198
42620
18863
71523
71373
71125
27665
43479
43259
42752
42725
42716
42410
23934
23743
23449
87402
41942
42294
41938
69327
41937
97570
43257
23846
35640
9185
41686
38649
23790
23724
33895
23990
11239
34600
42036
42413
23936
41635
17993
43484
27512
41968
42298
23725
43435
32479
26175
23558
25301
11066
41683
45374
45139
43274
42419
42303
36892
30122
27401
22309
42855
30323
42227
41967
41952
42640
26431
43114
29953
25969
42531
41949
30322
33827
34757
30321
43485
43288
42724
42031
41691
27279
20110
56769
50848
43437
23684
28139
23935
30320
43447
27301
26174
50064
9088
56470
21196
10946
57055
58472
25928
73379
58675
58469
42854
42224
9133
58471
56602
42944
42655
11381
72527
37844
28491
74378
52375
23640
34791
9452
45796
27866
9376
64622
34889
51500
50197
42504
42230
36253
24156
18701
27656
24925
43059
56469
72752
21634
74137
39191
25075
50870
23950
18448
63587
50449
43515
32088
20109
53308
43496
44934
51520
20892
27657
38064
26599
33823
20457
20456
20453
52454
51486
9136
45171
42225
28328
43669
56166
59622
64613
42593
41831
35670
53307
32233
37984
45551
57741
46253
50377
42343
37845
18533
72032
42747
22053
45578
5444
52317
26785
26784
97880
97134
95471
94701
92772
89951
92297
91103
90965
89373
40727
87931
87822
87522
