237420
301801
312120
379933
479396
65130
474812
293488
398988
198660
249312
203560
170819
185464
173687
24896
436202
264614
106974
9487
381075
155832
200235
152574
575857
64992
446628
329636
271879
25395
267559
235705
401368
538663
316389
258518
168868
444762
502111
167592
514432
205177
11384
297582
256231
14499
431166
229295
203736
469682
150644
435873
449283
232259
64960
186653
221330
64994
245497
284404
64880
432503
234899
266225
222752
258715
321572
186305
562609
271881
237644
209182
487435
401112
289469
422852
317023
346115
477114
275146
504930
508624
64816
197509
57120
244343
263354
145360
211377
192306
313542
172997
172612
246734
207760
238397
166479
154745
191515
275712
189774
510943
249310
228822
328737
64827
190503
233663
64836
187001
171724
575549
237421
57110
22450
176068
341614
159959
64886
534292
223419
9882
141113
236773
12657
269638
232245
317034
549521
281446
461285
174131
166433
370885
187161
65127
344848
467224
234901
425796
208808
551308
22015
269672
109468
