246589
27671
109832
45773
117282
165280
469838
124309
27397
487829
127859
50775
319377
113454
469072
197359
183670
241075
38702
99291
18051
15702
36770
22533
24797
114314
64598
106902
128383
23126
10852
39787
28579
231669
18429
293399
109905
33445
341809
9483
38510
28342
360932
116509
65623
64594
347231
144085
202842
105854
101139
64623
24513
237205
68516
134559
126734
22723
512430
109299
397546
19777
37958
463476
42992
273089
145746
113494
20988
112838
18726
167376
226227
196592
227333
48869
445175
17195
97649
494329
67537
38948
322751
337499
482157
100977
528509
131324
16690
64656
107860
45554
