246589
27671
109832
45773
117282
165280
469838
124309
27397
487829
127859
50775
319377
113454
469072
197359
183670
241075
38702
99291
18051
15702
36770
22533
24797
114314
64598
106902
128383
23126
10852
39787
28579
231669
18429
293399
109905
33445
341809
9483
38510
28342
360932
116509
65623
64594
347231
144085
202842
105854
101139
64623
24513
237205
68516
134559
126734
22723
512430
109299
397546
19777
37958
463476
42992
273089
145746
113494
20988
112838
18726
167376
226227
196592
227333
48869
445175
17195
97649
494329
67537
38948
322751
337499
482157
100977
528509
131324
16690
64656
107860
45554
278714
106360
154516
417057
136899
141332
36517
125190
19284
108710
111418
367813
234306
20036
12563
16870
111406
109267
108305
329216
452445
108696
540072
22013
113502
141651
31555
537253
230329
44866
39092
213087
131083
77946
129590
35792
106912
110198
114278
99218
126693
119327
106523
57302
108716
113626
33318
64621
234649
64449
34226
17010
111723
41259
113481
482150
482856
485511
96976
9938
113629
34641
124232
219558
483354
68500
9682
67503
498384
336506
57035
437492
127613
12339
299744
131511
322746
322757
65603
57292
45032
290433
114647
20736
150993
251086
