246589
27671
109832
45773
117282
165280
469838
124309
27397
487829
127859
50775
319377
113454
469072
197359
183670
241075
99291
18051
15702
36770
22533
114314
106902
128383
39787
231669
293399
109905
341809
38510
360932
68507
202842
101139
64623
237205
134559
126734
22723
512430
397546
19777
463476
42992
273089
145746
20988
112838
167376
226227
196592
227333
48869
445175
97649
494329
322751
337499
482157
528509
131324
107860
45554
106360
417057
136899
36517
108710
111418
367813
234306
16870
111406
329216
452445
108696
540072
22013
141651
537253
230329
213087
131083
77946
106912
114278
99218
126693
119327
106523
57302
113626
33318
34226
17010
111723
482856
485511
9938
34641
124232
483354
498384
336506
57035
437492
127613
12339
290433
114647
150993
251086
226969
117804
115537
542630
272281
187684
175654
209055
122119
526461
439244
384386
334213
99250
407252
94946
95180
263599
249331
130883
120636
552173
106365
491531
137487
47417
200995
133143
113539
106211
125633
125901
150229
50740
154515
157209
106582
113431
77998
143311
75630
112986
546052
52022
150318
118062
251050
563719
103517
133202
17035
390453
99297
217168
474621
114259
15576
552172
108615
236703
247456
22089
480681
29150
106060
131323
546060
114070
269530
91360
516076
21113
576638
111251
134782
518866
105682
95199
107018
277536
94407
281916
267124
482155
430758
114729
57514
113649
94437
121299
280882
