246589
27671
109832
45773
117282
165280
469838
124309
27397
487829
127859
50775
319377
113454
469072
197359
183670
241075
38702
99291
18051
15702
36770
22533
24797
114314
64598
106902
128383
23126
10852
39787
28579
231669
18429
293399
109905
33445
341809
9483
38510
28342
360932
116509
65623
64594
347231
144085
202842
105854
101139
64623
24513
237205
68516
134559
126734
22723
512430
109299
397546
19777
37958
463476
42992
273089
145746
113494
20988
112838
18726
167376
226227
196592
227333
48869
445175
17195
97649
494329
67537
38948
322751
337499
482157
100977
528509
131324
16690
64656
107860
45554
278714
106360
154516
417057
136899
141332
36517
125190
19284
108710
111418
367813
234306
20036
12563
16870
111406
109267
108305
329216
452445
108696
540072
22013
113502
141651
31555
537253
230329
44866
39092
213087
131083
77946
129590
35792
106912
110198
114278
99218
126693
119327
106523
57302
108716
113626
33318
64621
234649
64449
34226
17010
111723
41259
113481
482150
482856
485511
96976
9938
113629
34641
124232
219558
483354
68500
9682
67503
498384
336506
57035
437492
127613
12339
299744
131511
322746
322757
65603
57292
45032
290433
114647
20736
150993
251086
31454
226969
42703
113512
117804
115537
542630
253596
272281
187684
175654
209055
77495
122119
65595
526461
36403
439244
117050
68509
137326
471517
21609
109466
384386
334213
21872
99250
407252
94946
10506
24086
95180
43687
51623
11782
263599
17512
249331
108737
130883
10895
108312
120636
460456
22165
552173
106365
148888
491531
137487
47417
77551
24608
39508
200995
133143
113539
106211
219572
230325
125633
36977
33100
125901
68494
150229
50740
154515
26898
36287
157209
106582
113431
77998
255940
113462
143311
75630
114275
112986
64498
172381
31937
546052
52022
150318
118062
251050
563719
103517
34910
133202
91542
28218
108321
503562
17035
390453
315803
99297
157214
37703
64630
131467
65564
217168
474621
36985
114259
15576
45291
552172
186111
19648
108615
18910
236703
247456
11776
22089
11916
43089
193352
108475
99255
157244
480681
65571
38106
29150
139334
106060
20919
20158
131323
157245
31448
64624
546060
114070
269530
20731
65582
91360
516076
21113
16494
576638
111251
217305
134782
113489
117104
114652
22315
518866
105682
38110
111511
95199
127450
107018
277536
12133
22795
95181
20385
94407
281916
267124
65570
482155
113495
430758
114729
57514
30189
45618
107834
96292
165471
113649
94437
121299
280882
20606
127462
22230
33781
118022
66525
297580
25692
74729
119387
20446
113656
255931
107610
48866
117427
66269
109997
52121
75629
415244
105382
20110
20326
