36364
2127
18619
6354
6218
27176
57535
9202
3519
73420
18094
7084
43215
78701
77857
28576
29838
32888
11310
2576
2702
4249
2870
11306
11497
10379
2400
34653
41955
7257
43884
5044
33227
32302
11069
4421
35874
9142
22394
21106
2863
86244
50701
2190
53919
5562
33777
23606
2133
2918
2709
33255
27381
34669
4079
71321
11066
83156
44477
43539
80597
85762
21470
18397
6219
18160
65113
2045
4798
18354
18846
50754
35470
2858
18100
43785
73718
18245
85088
3143
23630
85976
34724
33063
21674
5788
18259
18494
11298
18155
19951
65725
5048
18177
4230
4587
2909
18898
80332
53726
2354
4586
20713
78355
83125
38236
4072
68922
21228
2406
42490
19157
25606
37823
31326
19638
19252
86399
38905
30505
28515
20065
20414
87477
66450
56667
41410
11305
34467
5024
3490
6211
36480
21695
20232
94668
17998
82109
22899
3626
31128
22130
18653
10731
20983
21032
25457
6000
26082
19176
18198
18195
3520
60440
9375
6558
87428
4600
19791
19685
37819
94788
11799
22138
2189
55552
6226
28726
77424
7255
2512
91154
18500
33236
37120
2696
78717
3857
11872
21778
92564
19092
39973
10760
85076
3007
97772
18420
22455
85312
18023
5028
18277
39611
5274
41571
37502
71949
68523
18955
3352
18104
3218
2686
32628
4058
18152
4790
39618
19970
2128
36730
22988
6209
18641
64688
3083
2353
3654
6983
75557
64687
11800
18300
25641
22405
18221
56709
18079
5325
18663
17990
91903
2413
70705
82359
3004
32661
90521
26600
19148
2350
32621
6011
32050
21663
98750
99035
98729
92020
95723
94136
86113
92400
92377
90253
21748
87822
86343
87596
87309
86313
86310
83118
72417
83960
82340
82337
82207
83963
82820
80298
83442
81833
82670
82364
81654
76192
80960
73678
80161
77810
76863
77753
74729
75555
76582
65431
76175
74655
73240
74204
74202
75825
23402
73013
72837
73334
72365
70446
69427
69383
68971
55802
68572
68371
62878
66609
28977
64778
65193
64771
61318
60077
50941
50737
55902
58338
52640
53816
50940
58038
65413
57829
41245
54370
51403
42958
50729
42960
50409
22955
50334
23510
49846
49871
49825
39301
49817
45529
49801
49800
35263
35207
48181
59534
49081
34183
48184
47815
35409
47256
46628
46533
46528
45915
39639
49730
44692
42131
23306
42547
43780
43011
57564
42580
42441
42056
25702
42927
41275
41269
41097
41080
40111
29329
39713
39086
44105
39421
39422
39131
36789
36853
31034
34243
38206
36980
36738
36727
35415
35499
36276
34741
36354
25969
34718
41391
35918
28237
31674
35052
35543
28516
41079
34180
30111
33388
30318
33387
34330
43113
32477
30959
30525
30861
37331
30977
33018
28489
30702
26962
27709
32872
30930
27953
32459
28302
30903
29734
26164
31699
30380
27035
68649
35214
31807
31703
30721
30095
28948
25847
25856
23335
25194
39715
29926
68296
23498
22981
25928
22854
38978
22669
57825
10809
22579
31861
18899
33098
32464
27863
19668
18442
30781
21192
59758
26175
35949
28122
30388
21977
26176
34139
18236
34595
18258
27862
26105
32466
27082
32490
23586
18171
43101
18332
35940
73319
34143
18539
35938
23934
18223
35945
36303
23064
20029
35947
35802
33516
22015
9469
27282
27220
65739
41311
30306
32480
33997
41312
21231
43112
18176
38200
30683
20985
38523
35652
11364
30053
38511
43110
38710
19405
65760
35804
18366
10989
65728
61158
43109
77072
28820
9547
21193
21190
43108
31616
25464
38522
43107
4250
34284
27474
43106
27758
38318
77727
26559
43104
35782
21546
9624
30120
41431
21938
6504
6700
9115
24355
21884
64126
32395
5779
56741
4605
7282
6014
26217
20258
19159
52028
31909
33835
5533
18681
20257
5556
3855
4807
4066
27332
5572
25460
27423
27331
45006
25340
2293
5336
81042
5000
5311
7183
5027
35493
27407
5039
3851
2351
4064
21201
18876
4588
4599
36761
3012
4404
4397
4350
68646
30207
3657
3217
4060
19096
33735
3860
3863
30019
3497
3649
3144
3506
22146
19177
3340
64154
3237
2960
3052
42606
34326
27251
70029
