75409
84152
92850
84348
82338
85117
84347
51794
79511
98437
40828
65026
68249
67919
71326
69993
53769
84178
36793
33937
59391
43265
43493
37737
51719
55573
50046
69539
57235
34856
48005
29687
57227
21297
63979
42761
48003
57466
43280
43278
92620
34850
33858
25517
22636
43256
42422
45239
56277
42077
41777
43531
43676
43442
36794
43436
41669
40653
39903
33436
41954
42229
43435
32479
42616
97570
42227
56935
56471
43634
38235
74378
9318
23202
64622
51500
72752
11197
18448
51520
27657
38064
33823
20457
37974
43059
18933
43669
74291
57741
73379
43640
72032
41460
45796
59622
64613
27345
55691
18011
20333
26632
18692
43061
43136
68829
51840
83191
20479
44350
56320
45193
7510
35398
62144
22944
58662
7133
40106
96249
93336
84172
45572
76372
61802
71373
53766
55102
42524
