51481
4822
113665
3489
1779
44830
101692
3366
40796
74554
24147
44289
26331
6292
8109
24652
136139
16199
61343
136142
6769
46951
44377
34095
43230
136140
68186
8429
11940
32857
15662
46706
15302
107710
6294
24017
23805
29143
15054
34978
14442
15255
133144
4836
14153
94955
10300
74971
34615
6724
31578
21201
8669
14728
39120
11839
136144
58586
58251
27042
3182
15517
28480
28109
57243
60341
54835
15923
11213
27882
73611
6299
15315
28316
108083
22874
74816
27187
76802
108082
34906
23904
76118
4647
33895
49592
15494
73523
17645
27193
59900
29189
55965
52821
1490
13723
86389
14507
86390
57708
38854
14501
30990
136137
15241
4458
7911
80454
69433
29677
136192
15510
41413
45770
8035
42236
13959
101484
32564
64716
85179
41198
69046
26244
25069
65682
19945
59850
2127
3232
23583
14487
15283
35781
3229
55616
131132
85181
85196
31699
18313
14906
7234
52822
30800
15452
3235
15480
3236
87672
24949
74970
52865
42543
32261
108084
1935
42501
32257
16025
34267
59369
56198
15253
62482
26746
47789
27231
16231
14782
13720
87492
9856
15272
136134
50434
10242
71582
32497
52868
15958
10314
37062
12909
1468
34185
27188
1485
6601
15274
44483
15453
3372
6823
15656
14722
59248
7206
6733
29188
92362
10312
3797
42733
11117
15659
3228
54515
30030
40533
7225
14439
42854
81176
41738
46841
71124
81178
32744
26181
57348
13498
76350
32410
42145
11212
86263
12622
15225
3282
84945
23138
101693
14445
76072
24381
15294
3124
81513
32926
13381
36484
56261
132403
84872
115296
79773
49968
12356
14502
19365
33762
43784
2149
57355
57356
11542
73680
14491
17638
23687
33457
11609
70817
38667
82382
136118
56541
32981
41547
91960
22528
14492
56696
10673
73890
15473
6296
15386
15311
68915
39695
23374
16120
52936
14783
91541
74817
24917
6817
68262
12064
50314
58416
14453
51524
13346
63147
67438
34977
7605
26374
74190
136132
16208
68914
136138
2267
10858
136135
30619
35867
45621
4457
6911
27983
34474
62250
68476
34140
31493
13718
41577
2190
1455
57158
6821
18587
133921
69024
1487
15235
40901
10974
3116
15516
54123
85197
35110
82385
13979
1538
12357
4456
50318
1702
33251
28732
25313
4809
15469
1445
10219
12624
4486
63764
107639
12067
51052
11895
62056
84246
1483
3171
15298
28479
2475
30285
40630
27246
113551
53329
19942
15649
67319
136120
14407
15212
58111
60284
69850
136119
70820
28199
16126
35788
14456
13938
62890
41945
32598
30091
8298
1488
2178
4324
6297
23429
61288
38640
59271
28676
84868
70634
13940
62572
1441
101807
79551
136143
3801
14524
13946
14575
28039
6829
46956
29664
7569
110805
34318
76320
15251
15486
13921
38700
4327
58407
58411
46518
33692
2635
61936
35695
44368
68474
74822
46246
60570
36207
66332
14472
15367
91171
49969
65590
15382
6755
2481
11880
11554
25662
26192
6767
33240
59378
3279
6722
34868
22583
17613
59864
11915
101690
20119
23692
90515
3233
15243
83138
126132
30001
27349
57441
101691
4333
84871
113564
16111
83721
14558
29378
71922
13896
15286
2646
50320
3160
43277
52814
11565
124553
58812
11552
41196
62891
60008
13352
82960
15358
57357
13400
53344
55823
13908
38747
52941
26399
54836
47642
133920
86567
68475
29758
40791
9713
2246
76801
92318
136136
11918
68917
24922
2251
56511
26582
4841
32408
11524
57720
10859
81331
34025
31354
13911
115284
13735
7112
27568
15238
1525
92280
7230
41418
50406
25663
22188
40816
4807
47573
37901
21418
11214
52524
31866
14458
63361
8668
62889
6057
16110
2250
77248
69888
118755
69235
2126
42038
110804
3803
40793
28207
15957
11933
14977
41663
41667
4563
7509
70823
15419
3544
26528
9035
92323
63807
57358
3180
56826
3239
46891
33953
25579
11540
4484
21996
16207
54834
18440
6289
52940
17635
13728
123267
41756
76071
4825
11951
15232
14000
58045
3174
13846
11206
23831
32258
29130
73964
94974
60535
136272
28208
3230
3780
52739
24916
16210
13849
15485
74164
109280
3281
56697
52937
28315
70258
2128
17632
2125
136156
55771
50218
54514
46174
25666
16211
18270
23023
17624
60477
136259
21195
7776
101694
2129
2474
11016
52944
41532
14046
32601
11116
16212
68916
41281
28509
10861
41244
27644
55858
1945
27512
101695
29014
74821
62354
58389
1528
80466
4578
13821
4260
30315
28004
136312
101689
7607
7779
31573
55733
62892
15279
35147
82746
84710
41917
59172
34240
69443
98159
82672
14570
80579
50991
25027
15445
18611
83137
51047
46950
44819
15415
63761
3144
4943
13823
43275
13730
18609
3161
129164
74558
43579
62041
4328
28982
136157
14784
136155
9039
14448
60482
52869
28210
1536
3468
14992
52947
2242
57359
60512
10058
13804
6756
6790
6820
1486
83476
6818
3561
53529
4459
62054
77250
15282
43751
7506
15254
23004
136117
13313
46632
12709
27884
52948
15281
15245
15406
70676
3287
14517
26179
2252
74071
6822
13502
30416
52800
19397
11531
59208
54083
131667
13812
