576638
576630
576629
576619
576614
576613
575886
575885
575883
575856
574859
564007
571683
571672
571662
569323
566726
566717
566706
566703
563725
563719
563716
576814
575869
575857
575774
575563
575549
574869
562596
562592
558979
558972
558970
558953
558408
557376
557361
557354
556480
556467
571686
570027
566938
566936
566715
556765
555776
555545
555539
555536
555530
553951
553945
553011
553001
552171
552170
552157
552152
569441
559169
562609
562598
558956
558954
558603
557359
556721
556469
551326
551318
551317
551302
551298
550372
550371
550364
550351
550344
549524
549512
548585
548584
557518
557519
557468
554624
553942
553410
553012
552429
552173
547297
547291
547280
547268
546069
546060
546052
546051
544999
544983
544981
543757
543745
543743
543742
543741
543739
542631
542630
542622
553967
552172
553424
553421
553420
553419
552339
551543
551315
551308
550358
550345
549657
549521
549515
548823
548817
541221
541210
541199
541194
540083
540072
539260
539249
539248
539238
539235
539234
539232
538521
538518
538500
551324
550538
550478
548835
553418
552338
547295
547286
547283
546050
544609
544608
543758
542918
542629
542624
537952
537946
537944
537934
537929
537253
537236
537231
537230
535363
535358
535347
534291
534280
534279
534276
533030
533028
533027
533026
544111
544995
543907
552337
551959
542500
541069
540757
540362
540093
540091
540077
540066
539751
539627
539253
538663
531899
531889
531873
530740
529669
529646
529169
528509
528500
528499
546355
539258
538661
539590
539589
535010
552336
541068
539512
537330
537229
535364
534292
534286
534281
533502
533041
533035
527162
527154
527146
527131
526067
525042
525038
525020
525019
525017
523270
523266
523258
523256
538068
535516
534534
539591
544519
537329
532159
531900
530736
530729
530721
529670
529663
529662
529226
529150
527676
524367
522432
522424
522422
521348
520194
518867
518866
518851
517835
517830
517823
540445
529004
542976
527152
525030
524390
523259
523251
523247
523246
516960
516947
516097
516076
514452
514427
513657
513656
513654
513647
513638
526461
523513
522712
552391
539874
539584
538610
538265
537327
532439
524365
524364
522545
520197
512641
512430
510958
510952
510951
510604
510503
510502
510105
509696
540446
520426
517961
539622
539508
537187
524368
524363
524362
516951
516088
516080
514442
514432
513658
513651
511992
508894
508883
508443
508440
508436
508423
507781
507766
507187
516296
514672
513809
512038
539873
539621
511990
511724
510943
510939
510501
510495
510490
510489
506661
506658
506652
506182
506180
505531
504948
504929
511725
510368
510359
509161
539872
512068
511989
511937
510423
509704
508906
508624
508424
507463
507186
507178
507053
507049
504679
504348
504346
504319
503568
503562
503554
502874
502873
502872
502132
502130
502124
502123
502108
505249
539871
538606
511986
506651
505972
505611
504930
501754
501619
501030
501027
500307
499743
499740
499739
499045
499037
506350
505745
505163
544647
541774
539870
538845
511988
510420
504589
504338
503447
503446
503445
502867
502859
502246
502138
502111
502110
498392
498385
498384
497959
497958
497957
497935
497402
497388
497384
496891
496890
496883
496880
496877
496873
504511
503793
503033
502291
538844
513261
511984
501015
499377
499373
498727
498476
497685
497588
496394
496388
495266
494330
494329
494317
494316
493804
493803
493799
493798
493791
493788
501755
501151
500529
499894
499173
573409
511981
498272
497965
497961
497952
497949
497587
497386
497385
493046
493041
493032
492216
491531
491530
491526
491510
490887
490881
490876
490875
498381
498600
498081
496590
497553
497012
573408
544648
541771
513251
511976
496395
496083
495807
495594
494943
494321
494320
493817
493800
489905
489329
489327
489326
489320
489316
488657
488648
488644
487848
487843
487835
487829
487828
487501
496532
495477
496002
494051
495386
495385
495384
495383
495382
495381
493442
491746
573407
513250
493042
492214
490911
490884
490878
487220
487217
487215
487205
487203
486725
486718
486716
486156
486153
486146
486144
485519
485513
485511
485505
484906
484890
484888
490518
573406
558788
539499
513249
511973
489314
487591
483354
482693
482682
482679
482165
482157
482155
482152
482151
482150
481607
481605
540447
486925
573405
539611
513248
511971
503865
487443
487435
487416
486880
486428
485943
484802
480681
480678
480674
480672
480668
479982
479969
479263
479254
486864
486863
550528
541767
538838
513247
511970
483684
483670
482903
477856
477855
477854
477850
477849
476795
476793
476786
476785
476783
476779
475945
475464
475452
475450
482858
482856
482855
482854
552388
541766
513246
511968
500630
498702
480172
480166
479513
479396
479253
478762
478755
480800
480799
480798
478772
482853
474633
474632
474631
474629
474622
474621
473649
473647
473639
472912
472911
472904
472901
472898
472897
552387
500629
497675
496704
478156
478138
478064
477169
477114
476394
475651
471323
471319
471317
471313
470434
470422
470419
470417
470416
469844
469842
469838
469836
469829
469826
469497
469490
469488
469487
552386
474812
474033
473208
468916
468915
468911
468907
468902
468459
468455
468082
468078
467653
467646
467032
451941
470599
552385
497667
471579
471519
471518
471517
471516
469734
469682
466338
466322
465850
465846
465842
465836
464979
464973
463990
463982
470122
552384
500626
469279
469258
469072
468643
468352
468301
468279
468260
468031
467951
467943
467934
467224
467141
463490
463488
463477
463476
462259
462256
462242
461740
461729
552383
513241
468197
467321
466509
466501
466455
465335
465164
460318
460316
460310
460309
459684
459677
459174
459162
459159
458704
476421
552382
513240
465161
463712
463084
462574
462502
462359
462358
461741
461369
461091
460072
457651
457650
457641
457637
456551
456028
456025
456018
455494
455491
463703
552381
472433
462357
461312
461285
461272
460713
460456
460455
460454
460453
460067
459918
458834
458718
454108
454106
454104
454099
454095
453417
453412
453409
453408
452320
452317
452314
452307
452306
456868
458013
499943
466448
459320
457977
456867
456829
456828
455826
455816
455815
455660
455646
455640
451764
451094
451091
451088
451087
450554
450083
450081
450068
449598
456123
453660
452796
449370
455900
454366
453665
453662
453661
453655
453654
453652
453651
453641
453120
453115
453114
453062
453060
452540
452445
452444
452443
452442
452073
452061
448978
448002
451700
451695
448979
448972
447997
541726
497731
459962
452017
451339
450782
450781
450291
450289
450193
450155
449746
446490
445184
450317
449510
449291
450287
449848
446492
446485
445175
444532
457489
455662
451363
449289
446095
445315
443987
442175
442167
441423
441417
437492
446749
449902
445396
449283
449073
449070
447795
447243
444883
443978
442925
498678
498280
497655
446628
435573
444187
446186
446185
446184
444633
446624
446584
445811
445308
444762
444759
441672
437496
437484
437483
436202
436197
436191
436190
435586
435581
498676
444317
443383
435067
435061
432333
443332
441598
442662
442602
441325
436007
444654
444003
443378
442432
442259
441671
435059
435051
433849
498674
497729
440816
439290
436501
435863
431444
436476
436474
435791
434171
440799
439292
438646
438634
438630
438114
436661
436514
436500
435873
435864
433750
430762
430758
428863
427690
427685
498889
498672
435778
435247
433432
432502
425940
424538
433971
433970
433354
431133
431081
427978
437071
435777
435219
435187
435180
435159
434072
434071
433960
433525
433288
432503
432501
432321
426884
426881
425937
424530
539698
498670
442990
430961
430914
430912
429005
428585
427171
432524
432523
425311
449374
431729
431728
430966
430956
429003
428962
427869
423679
421692
498668
450818
426985
426111
425196
415241
425306
424421
424078
426961
423949
422661
440798
430965
427166
427165
427158
426634
426110
425302
425300
425193
424694
424643
424627
419975
418995
418820
417849
415244
498666
498664
497733
497726
422598
420637
413662
422111
420543
423779
423780
410321
408994
420576
418265
408988
430964
425800
423959
422852
422833
422696
422116
421833
421280
420920
420914
420226
411824
498662
418266
416776
416022
416021
404700
414571
415611
419111
416783
450810
418927
410597
416020
412388
417944
417239
417231
417228
417226
417202
417057
416887
416778
413469
409531
430963
420225
420223
419106
417217
417213
415610
415609
406973
400152
541716
540200
498660
450806
402182
397550
395704
395701
378726
402560
410066
405531
411633
407091
410920
410502
409752
400282
406561
409104
448283
430962
414129
414101
410921
410916
410589
409535
409534
409533
398988
397546
396425
540199
538813
498658
451433
450803
408215
402621
402500
402289
395252
394712
390453
390451
405730
405398
401582
400953
402050
397683
397681
406370
401631
399456
404920
404916
402960
417484
402559
407175
407173
401691
401368
401369
401363
408124
408121
407177
405675
404917
394706
558842
541714
540198
538812
498882
498655
402581
399174
399173
399120
397757
397746
387262
397682
397680
397678
388561
384964
407497
399148
397675
396027
391843
398225
384955
417494
402558
407275
397413
395476
395268
396439
402203
398911
396176
408696
407272
396121
397752
396607
395905
394505
392572
391825
388560
387256
386136
385033
384967
541713
540197
513286
499575
498881
498653
498652
450468
391252
387644
387638
378894
376023
402049
395412
392838
407270
396122
392815
389755
405698
407251
395034
395393
392771
389098
387666
373217
402557
384963
378896
391683
371103
444208
417507
395419
395413
395037
392851
392570
392556
392555
391848
391542
391541
390604
387762
383652
382809
381416
381413
381409
380582
380349
378897
378893
378868
376664
570060
558840
542787
513283
498880
498651
402042
386487
386289
376022
389753
388932
388846
386882
376342
387760
387645
402580
387665
387567
386459
386456
386453
386450
386448
383936
402556
416850
386343
386078
386075
437062
388849
387065
386333
382808
380723
379663
377652
374689
373805
373306
373298
373216
372567
372452
371257
371256
558839
541711
540195
538256
498649
402076
376021
383937
383514
386846
386486
369093
369718
384663
383934
381074
369727
402555
378922
367811
366197
366194
389750
379554
373934
437061
386288
383487
383485
381075
379445
379432
379428
379427
379160
378724
370579
370568
370565
370564
370249
369103
367813
367808
367700
367696
366188
366187
558838
541710
538808
498646
480987
390031
369012
457255
397951
362201
390112
373826
372244
345209
367279
402579
372564
373931
363151
360932
444857
444732
380820
380819
372764
372761
372508
372243
369717
369710
369703
366815
366795
364163
364133
363162
363161
363160
363149
362255
362221
362182
360933
360928
360039
360038
359916
541709
538255
538254
498877
411572
386458
376026
366475
353154
402047
407090
386485
386287
371681
370578
358932
372242
369918
366843
368293
366376
362554
355887
444856
391858
387072
386622
386398
372759
372517
372516
372515
372241
370953
364655
364653
363539
363535
362855
359254
358975
358884
357711
357707
356768
356765
356764
356683
354856
541708
540192
538806
538253
498642
361085
353151
386484
386286
408694
352573
388798
351057
402578
441301
402552
362553
393856
447351
447350
447349
447348
447347
426413
418286
410798
388148
373091
372513
372511
363468
362560
359962
358883
357736
357112
356679
354168
354132
354106
352701
352647
351095
351068
349678
349675
349649
349646
349642
349639
348063
348057
348054
347750
347746
347745
558835
541707
540191
538805
538251
514568
498640
434951
359181
355536
347224
370885
359212
402551
355048
344049
450021
447346
447343
391546
386483
386395
386285
362853
362558
362557
358882
357326
355485
347231
347211
346240
346238
345394
345383
344114
343196
544534
541706
538804
513933
498638
463729
355535
341180
339739
420574
386482
342871
380260
343211
411508
362556
355049
352254
402577
340254
402550
386394
351476
351474
351473
416849
386329
355925
447342
447341
447340
437056
386284
380863
362852
358881
357735
348324
348187
347042
342839
341838
341809
341733
337983
576280
541705
540189
538803
513932
498636
355710
355534
336589
334214
386481
386283
363170
355050
347600
347046
344743
335914
402549
395033
346115
346112
386393
386408
386327
345543
345160
344748
342368
362851
347037
345542
337500
337499
337485
336601
336585
336045
335956
335954
335951
335915
335249
335236
334213
334169
334167
541704
540188
538802
514575
514564
514235
498610
342225
341954
341610
386480
344848
344546
343691
402956
342788
342367
339665
336947
331959
331858
394394
342230
342228
342227
342226
342037
341724
341611
341471
341202
386392
341698
341653
340774
339666
386326
326838
408693
437055
437054
386282
384426
362850
345523
343405
342229
341123
333461
333449
333394
333393
332029
331952
331948
331857
329224
329220
329216
329213
326871
326865
326860
541703
540187
538801
514234
498608
341554
338627
335286
322746
341615
341614
338303
397679
386479
386281
341557
341553
341552
337093
336911
335384
333798
331958
341550
341462
336386
402548
402547
402546
335638
386391
335386
420578
342277
341547
341468
336524
336505
335771
331977
386325
335388
319360
409220
335587
334862
331712
341326
341303
336525
336506
335287
334650
402565
343406
343404
343272
343051
334147
331874
325030
324984
324964
324958
324947
322757
322751
322747
321366
321336
321320
321304
321300
321298
319377
319366
319362
317958
541702
540186
538800
514233
498606
498605
402813
336470
332740
331993
317747
386478
420579
336420
334146
333952
327555
336300
336187
336183
332969
332760
315750
402545
334153
331292
329769
329745
323431
386367
386324
387652
332004
328104
380295
343392
339939
336399
329636
327550
327194
317930
317926
317063
316798
316707
316684
316680
315829
315803
315104
315093
313898
313883
551704
551703
541701
540185
538799
514232
499940
498603
402055
328737
324362
321759
386477
386279
329026
329016
325758
323419
319575
319574
321790
324322
324116
324013
323989
323686
343216
311767
402564
322462
321786
321756
319678
319595
402544
310913
416848
321576
321572
321569
320265
386323
437051
402937
344575
319346
312808
312793
312722
312033
311838
311835
311671
311669
311038
310914
310812
309573
551769
544726
541700
540184
538798
514560
320865
319594
318576
316040
314187
314094
386278
317176
317032
317024
317023
317022
317020
319610
435363
319593
317178
316042
316041
316038
386322
402543
315553
305690
408692
444994
380095
343394
326414
319592
317034
316044
314093
309981
308929
308696
308675
308544
307697
306728
306727
306639
306628
306478
305789
305691
305671
551768
541699
540183
538797
514221
446173
312120
311298
311042
301055
386277
313542
313515
306931
319591
312424
312160
312132
386321
402563
402542
310926
363171
319590
315683
309600
435376
412664
402936
379837
379687
366845
362845
322059
319677
319638
318951
312121
310920
309610
308624
304589
304470
303673
303552
303548
303357
302678
302650
301666
301654
301508
301079
301042
300975
551767
544718
541698
540182
538796
514220
443695
407875
308851
307909
341205
341204
299744
308170
435361
298471
307713
402554
402541
294956
319589
319588
307711
307684
409215
401112
383346
383345
382510
362844
362499
324808
318950
315474
307678
307553
299921
299804
299749
299745
298263
297691
297673
297580
297217
295041
294897
294198
294192
551766
541697
540181
538795
304733
304663
303672
303671
303502
293619
139983
402957
293355
402562
292609
402553
402540
319587
302181
301801
307842
383344
383343
382512
382511
362498
319675
318949
315473
312547
302779
302722
299817
293633
293582
293581
293452
293383
293354
292618
292590
291697
291179
291146
290910
544833
544832
540180
538794
300963
300930
297582
297558
290665
307841
300936
290942
307840
299502
297574
319586
297782
309871
307839
295699
295690
295213
285544
416847
294315
294313
383342
383341
382514
382513
379917
362842
362497
318948
315472
300756
293853
292136
291101
288832
288773
288488
288455
287763
286934
286911
285550
285335
283916
283867
283184
551765
551757
540179
538793
319585
497272
293860
293648
281822
293645
293610
293399
297781
319584
293588
293541
287537
402561
278710
295689
292544
293493
446830
437044
437043
383339
382516
382515
362496
346971
307131
293867
290680
290092
281845
281836
280882
280826
280616
280332
279785
278718
278714
277536
275726
551756
540178
538792
373978
371271
319583
293491
293488
293486
293337
292766
291033
290625
276683
272360
276636
293335
293334
289470
289469
272434
287075
319582
292765
292763
285704
417630
295688
387330
291030
289926
286181
319581
283008
443587
443585
383338
383337
382518
382517
373925
362495
319672
319671
307130
285151
284166
277974
277680
276657
276606
276171
275854
275725
275661
274483
273114
273112
273108
273089
272432
272428
551764
540177
538791
413350
286202
285576
284404
269530
291027
286201
271547
281154
390192
319580
286197
285720
284853
280828
270462
390193
380208
293167
293162
290870
281446
295687
269832
346969
319579
281445
281336
278722
382520
382519
362494
294505
285569
284165
281335
275019
272281
271872
271744
271611
271610
271596
271595
270513
270491
270467
270466
270410
269835
269820
269682
269578
269529
269526
269489
269480
269476
540176
538790
420577
277587
277454
267578
380207
278684
278682
269011
319651
319578
278675
278181
273267
388122
435354
282616
281331
277577
268231
295686
319577
383333
382522
382521
362493
324467
287493
281916
277921
277453
277205
277204
276682
275714
273913
271871
271186
269063
269048
269031
268982
268964
268932
268767
268708
268662
268355
268348
268333
268258
268233
267534
267533
551763
540175
538789
277202
275146
275028
380206
319576
275140
270760
380205
275027
273573
295685
497268
274799
274798
274797
274621
274005
273569
270061
269984
356739
273563
435165
402932
383332
383331
382526
382525
382523
379971
379933
297463
289797
289736
284163
275135
271881
271832
269621
267439
267435
267133
267124
267093
267092
267087
266662
266640
266612
266507
266505
266503
266502
266491
266487
266017
266014
266009
266001
265514
265509
264592
558786
551754
394383
291432
291357
270245
497269
370158
273105
273102
269672
263708
300589
281161
272868
272861
269638
262872
410698
263599
261239
385961
385875
281160
270244
270101
259998
437039
383330
383329
382528
382527
318690
297462
284162
270759
265634
264296
263855
263760
263758
263757
263743
263715
262615
262495
261313
261260
261244
261240
551762
299690
291431
291356
267812
267661
267561
267449
270097
270058
268507
267392
270056
270055
267918
258417
293120
289796
295799
295683
385917
385870
435351
402524
267560
267559
416846
362278
273271
267450
267384
265155
264614
437038
435379
383328
383327
382530
382529
313296
272895
271880
268628
264800
263176
260095
259827
259408
259141
259139
259137
259136
259135
259131
258593
258423
255931
254667
254666
551710
291430
263350
263342
248524
311132
303271
267447
260075
267234
266235
245820
262282
295682
435197
266790
266689
266236
265751
263851
385960
385874
385616
245497
383326
383325
382532
382531
266225
258940
255922
254668
253761
253760
253596
252999
252993
252756
252734
251863
251567
251476
251086
250713
249434
249378
249331
249296
249258
248584
248509
248493
248437
247541
247456
551761
519014
454201
276316
265179
263850
260054
242908
281158
261667
261477
261471
281157
263171
168483
295681
261687
258519
383324
383323
382534
382533
307121
297098
297097
297096
292377
291324
286295
271879
264457
261692
260030
259743
255165
247321
246865
246855
246845
246618
246589
246471
246470
245075
244976
244901
244860
244839
244837
242262
242246
242038
241132
241075
240986
551711
258520
256145
255850
249239
248623
239851
238448
256148
255965
255940
239885
255756
255846
394393
238243
295680
263593
248756
248754
246656
385948
240897
446824
383322
382536
382535
307503
291323
240290
240123
239993
239951
239856
239071
239035
238578
238232
238178
237208
237205
551760
300041
247810
246605
243329
235503
234873
232568
248406
246609
234649
385916
385881
385615
234657
289794
295679
244845
244450
265662
243645
243330
232537
443027
402929
383321
383320
382490
382489
243328
238479
237207
236703
236697
236285
235694
235439
235387
234876
234856
234685
234676
234675
234264
233867
233761
232947
232570
232535
545091
541399
241163
241083
239295
230364
242811
241158
241155
241089
239857
258538
240122
239815
239679
230329
248757
238082
295796
295678
411424
227821
442282
385974
385946
385159
383319
383318
382492
382491
291786
266652
262940
246658
241160
241087
240131
233834
232785
232053
232017
231684
231595
230719
230325
230322
230259
229060
228986
228974
228973
227832
227712
575020
551759
300040
290862
287318
248783
248781
237420
232983
227103
224825
261470
334840
237421
237408
226655
248761
248760
248759
264613
256639
246608
236460
235302
289793
295795
236006
235301
248779
248762
385157
383317
383316
382494
382493
306225
270630
236768
235152
233511
227715
227711
227374
227335
227333
227102
226907
226227
226220
225782
225780
225675
225674
224649
224565
224512
223500
223400
223380
223277
287317
246731
221150
218554
232980
232116
231669
393582
219571
300391
389709
418057
232338
295676
231976
231136
231133
228231
383315
383314
383313
382496
382495
307146
291319
284148
266224
234899
222364
222261
221958
220843
220746
220723
220585
220583
219600
219572
219565
219558
219556
218749
218355
217927
217880
574821
551758
295876
295857
235283
224540
385915
385880
235163
226893
385943
297093
256642
244430
230949
213441
385879
385551
417690
231116
228286
228108
289792
385614
295794
216200
297092
224982
425190
383312
383311
382498
382497
291784
291318
231868
219553
216695
216556
216451
216275
216176
216118
216005
214935
214896
214878
214810
214699
213843
213799
213629
213496
213493
213458
213457
213449
212092
212049
212014
211974
207310
575107
545093
443688
258714
240156
232051
231809
227377
223844
222750
221891
210889
208680
208663
297091
246607
232337
223684
222978
434910
222329
222243
219893
417710
295793
295674
297090
222980
385914
385620
244342
383310
383309
382500
382499
342690
275713
213072
211684
211668
211117
210241
210222
210217
210216
208808
208685
208661
208654
208548
207760
207651
207345
206819
204632
204625
570055
412394
298045
295875
292979
229935
223755
222241
216448
212439
200995
200993
200990
199168
297089
256638
222331
216539
216449
216424
201038
216551
214880
212305
289791
297088
295673
213811
385613
212706
385878
385622
383308
383307
382501
291316
284133
252045
251564
218835
212311
207323
202663
202575
201940
201849
201706
201704
201700
201338
201041
200765
200744
200191
200172
200043
199902
198697
197797
454032
434908
229847
216431
213521
212988
212731
197479
196589
195408
297087
260028
256636
212034
213087
197521
297086
209108
207757
295672
385877
385625
385621
205723
204863
424948
383306
383305
382504
382503
318693
306220
292835
275712
252041
244788
213929
198626
198524
198501
198263
198261
198259
198252
197798
197540
197512
197359
197355
197353
196741
196740
196592
196462
195402
195362
298381
297085
295874
252914
244344
209111
205719
204640
202822
200024
193704
193350
193348
191659
189507
186664
285154
294047
205718
204761
201709
193351
300386
297084
201070
289790
295671
225095
205179
416845
385612
297083
203406
199358
205717
444945
383304
383303
383302
382506
382505
203177
203152
202003
194835
194831
194828
194589
194422
194421
194269
194241
193352
192763
192312
192294
191459
191273
173404
207654
201717
199292
197509
186110
223973
200261
200233
199300
198492
297082
202011
198689
220394
295791
197055
189516
200110
199872
205716
297081
196454
383301
383300
382508
382507
291313
244369
191212
189584
189508
189487
189470
188266
187607
186692
186674
186660
186659
186112
186107
186068
300039
298380
258715
237657
199302
194624
184944
184806
183670
182686
203580
185427
205715
394803
297080
229063
411429
417632
289789
205714
204468
199163
295669
297079
294025
191937
191688
383299
382509
382465
381571
381241
355473
298262
297095
297094
292160
292126
292125
291652
291651
291242
287707
273901
273899
273897
273896
252912
248409
205861
195783
191896
189773
185027
184820
184775
184769
184039
183671
182579
181818
181678
181637
181089
181081
298207
288943
229295
212759
212701
207630
192526
190502
189657
179033
190503
190476
205713
189519
221061
179104
307505
295790
295668
249316
205712
204292
203176
192871
191515
384660
383205
383204
382467
382466
300559
300035
295448
291781
244368
196061
192311
189949
189634
186931
179955
179942
179918
176849
176842
176838
176118
175654
175288
175232
174819
298206
295873
292972
204638
173435
172561
172381
171555
169517
428637
428589
244367
232218
223072
211114
205711
287706
289788
295667
428588
246739
244343
204291
184220
182904
211530
184083
181370
437022
383203
383202
382469
382468
306218
300558
295447
291310
289054
273900
251491
215100
186229
174433
174144
173682
173423
172577
172378
171645
170929
170719
170311
169645
169284
169213
154038
148443
285252
194953
183108
168307
167442
166815
428587
216669
184337
228822
203882
198661
178421
426227
385611
295666
203175
175475
217055
383201
383200
382471
382470
300459
295446
291991
244366
218058
168315
168305
168304
167376
167368
167367
166887
166836
166792
166138
166136
574754
497263
298205
295872
264393
201172
189774
165857
165577
164960
164774
164128
163541
163378
162737
166528
295269
207655
426036
252645
224974
216553
178293
175022
174132
287705
246587
225797
192101
416844
430397
426035
205708
191699
191145
183608
183023
173689
172999
169211
384017
383199
383198
382473
382472
291990
291308
289787
192310
189763
186619
184207
165471
165423
165188
165068
164777
164589
164067
164006
163700
298337
289815
171724
171720
160990
160540
430393
170720
202611
424861
170154
169678
232118
295664
203577
191366
175021
172521
424065
255944
198660
198659
166262
383197
383196
382475
382474
337691
295444
292719
290278
264411
201635
200647
167069
162625
162247
162083
161824
161727
161624
161518
161499
161003
160414
159759
159720
159389
159270
159240
159239
298204
295871
290848
203181
187200
187198
157850
157784
156683
286200
205553
203100
424064
256647
233715
224211
175490
175020
172975
172739
168470
295663
424063
255942
240155
163617
431169
383194
383193
382477
382476
301019
291779
284135
199542
192309
185468
185385
165510
162565
159873
159556
158802
158700
158696
158680
158364
157943
157851
157778
157769
157737
157332
156678
156652
298336
297901
297562
285251
233678
423867
170729
249310
206589
203779
199359
198664
287703
295662
255941
189716
175024
170734
164373
213954
472718
383192
383191
383190
382479
382478
295442
200655
156399
156363
155748
155737
155711
155633
155455
155239
155160
154515
154458
154426
298203
297561
295870
232259
186411
156184
203582
179762
164374
335565
287702
422915
280461
175019
173687
169725
295661
289785
260778
443465
383189
382481
382480
251493
224086
160882
159322
159285
157308
157043
156794
155491
154583
154516
154288
153967
153955
153886
153874
153675
153668
153667
153665
153066
298335
222752
153074
152928
178295
164375
156156
363457
203576
176292
172978
167612
337554
422715
287701
264490
211377
198663
190607
175652
175004
169711
220328
337551
295660
209220
335770
443461
422703
383188
383187
382483
382482
298952
295440
291315
286082
263479
255156
192308
181919
171719
155705
152815
152792
152604
152571
152481
152446
152412
152355
152231
151957
151879
151826
151129
298202
295869
290349
285153
246529
237656
200235
198669
153520
335453
220393
399460
224903
204677
169668
166834
312111
385610
422677
385918
172997
172448
287700
295659
289784
150597
411423
149803
422670
255157
203179
385112
383186
383185
382485
382484
300554
295439
291314
288618
264497
212761
201985
151924
151824
150993
150767
150692
150690
150658
150644
150621
150521
150515
150512
150053
150037
149908
149838
149801
298334
289809
149359
149316
145746
153172
421397
203768
172976
287699
295785
295658
225102
203969
421093
255164
226251
187188
172944
385111
383184
383183
382487
382486
295438
288617
286079
264504
256072
192307
153916
152978
150006
149937
149482
149289
149171
148888
148697
148641
148638
148090
147327
147292
146956
146906
146825
145935
145545
145540
145487
144913
144886
144410
298201
295868
289808
185463
185211
141555
205177
273892
420976
187678
174246
287698
172998
295657
289783
420975
209211
193788
172974
428792
383182
383181
382488
382326
340550
298379
297442
295840
291650
291647
291646
291645
291639
291234
288656
286078
285421
277049
275711
273908
205709
160956
155752
148627
146803
146802
144346
144345
144233
143285
142791
142782
142594
142564
142122
142050
142044
141999
141605
141556
141535
141520
511461
447126
198668
187175
186300
141377
203574
420974
385609
295784
295656
420973
204065
170676
383113
383112
382325
382324
297441
295436
292124
288616
286077
192306
163390
153211
145938
141332
141322
141253
141191
141146
141145
140880
140851
140828
140827
140814
140549
140548
140465
140176
140146
140136
140126
139694
139672
298200
295867
184077
165615
137380
420972
189006
187001
183107
169708
224880
420971
295655
289782
448633
424949
385104
385103
383111
383110
382323
382322
324541
297440
295435
291980
287697
286076
285662
283141
200201
153210
139485
139397
139385
139384
139377
139334
139253
139088
139000
138995
138796
138637
138428
138387
138255
138234
137375
137372
137353
137326
137290
162315
141680
135960
420969
216679
151428
140830
140858
420968
289097
203767
295783
295654
199301
411422
135077
420955
388141
383987
383109
383108
382321
382320
307104
297439
295434
291979
291297
286075
264550
198667
192305
151478
139697
138825
138639
137573
136848
136560
136526
136209
136208
136022
135454
135430
135379
135111
135084
135073
135067
298199
295866
284110
237655
135021
133045
216549
174133
300368
420945
232249
287696
295653
249312
203572
164376
382313
300552
297438
295433
291296
289096
286073
284022
282897
264533
264440
235556
174653
171901
151477
134993
134599
134597
134201
134085
134066
133978
133919
133680
132937
132217
132215
132207
298154
292924
290837
154059
132156
131439
180737
137832
420936
267203
140395
287695
295652
289781
420932
187095
383105
383104
382312
382311
311366
298306
295432
291364
289095
286072
284021
283236
277010
233665
220989
192304
190635
151476
149190
134000
133997
133276
132614
131870
131808
131511
131467
131395
131324
131323
131321
130518
298198
295865
290836
213810
459410
420897
151912
134207
300578
246312
169589
287694
130638
295651
420892
256627
217587
192864
208089
192126
134003
385522
383394
383103
383102
382310
382309
298305
297435
295431
291976
286071
283981
268928
267105
189770
186276
151475
149191
134559
133998
133905
130997
130973
130969
130591
130428
130330
130329
129657
129598
129590
447125
290835
290834
126500
420886
300365
207568
203751
418048
221688
127123
295650
420878
276216
223419
186305
172946
411421
186465
383101
383100
382308
382307
306201
299361
298304
295430
286070
194425
133996
133993
132378
131871
129066
128792
128383
127854
127621
127548
127141
127128
127108
126383
126370
125626
298197
298151
295864
213945
162956
126014
124689
420874
207570
287693
420600
295649
289780
212987
185207
383978
383099
383098
382306
382305
300548
298303
289865
286068
276983
268941
251896
186637
151433
133995
131096
130773
130579
130474
127866
126245
126056
125977
125665
125195
125190
125180
124674
497266
295835
251487
204680
193372
176179
162314
129067
129009
126501
124054
497265
203742
295648
203560
170500
497264
213822
446349
383097
383096
382304
382303
300172
298302
295428
286067
275710
268835
264833
171946
154959
133994
128424
128419
127865
126013
124233
124232
124225
124082
123541
123416
123372
123004
122929
122774
122417
122068
121581
298196
296053
295863
122072
496040
209182
216554
135803
287692
416858
295647
289779
216548
170819
416843
497262
431782
383095
383094
382302
382301
300440
298301
297430
295427
289854
286066
284015
264835
159959
133589
127864
122778
122408
122073
122005
121948
121883
121876
121661
121612
120267
282914
126498
202844
497261
233670
295779
295646
497260
383093
383092
382300
382299
298300
295426
291289
286065
259710
251894
237653
187161
132126
122202
122064
121086
120840
120659
120636
120626
120542
120278
120241
120158
120156
119888
119688
468593
394141
298195
296052
175927
175729
121069
118796
198503
123918
273887
264851
221057
287691
295645
289778
200196
164631
162206
203579
383091
383090
382298
382297
315629
298299
297428
296055
296054
295425
292423
292362
292358
292308
291847
291846
291413
289827
288991
286356
283209
231799
225130
173360
169904
159958
129330
127863
126735
126733
120557
120235
119687
119352
119219
118748
118645
118465
118022
118020
117782
117753
117746
285945
121745
164630
300575
295644
204043
172945
164629
204048
168868
383088
383087
382296
382295
300543
298298
297427
295424
291969
291769
286054
285972
132047
127432
119681
118735
117827
117689
116459
115812
115811
115602
115600
115598
115540
115426
115413
396594
298194
295862
285250
216664
164628
198665
185614
149480
287690
140394
203741
164627
295643
424950
383086
383085
382294
382293
298297
297426
295423
291968
289777
286053
285661
285633
285585
275708
149187
121526
121512
115394
114981
114892
114888
114729
114624
114549
114426
114394
114203
114199
113764
106521
298193
290825
164626
119915
114211
114573
164625
140390
295778
295642
216550
238234
263354
246735
164471
406276
383084
383083
382292
382291
369694
306198
298296
295422
286109
286052
285965
189772
159887
116027
114412
114283
114153
113976
113975
113968
113758
113757
113613
113577
113551
113549
113431
113247
113135
112986
112960
112404
111693
109761
298192
295861
285383
283115
187093
181313
237652
164409
113539
114655
287689
295641
289776
416842
216546
164408
383082
383081
382290
382289
324549
295421
251864
222462
203737
157636
129325
119912
113656
113624
113362
113227
111930
111719
111670
111663
111607
111511
111498
111357
111244
110754
298191
295858
110316
181817
135922
111102
237644
168856
168659
295640
176171
135834
436993
383080
382288
382287
298294
298293
295420
286049
276861
265716
235710
157131
141478
132592
129323
127860
126651
113655
112288
111929
111353
111251
111133
111032
110675
110673
110667
110490
110443
110441
110437
110435
110271
109445
573387
298190
295856
285940
285382
181945
155448
135833
112181
287169
233357
110059
287688
295639
289775
238589
135832
350153
222767
171461
159903
383078
383077
382286
382285
300006
298292
295419
292751
286048
286003
285967
285957
285949
166027
127859
113654
111891
111443
111034
110668
110516
110053
109832
109619
109448
109272
109267
108959
573386
298189
295855
295854
285939
285249
108333
135831
236877
203740
287687
256214
172771
135830
295638
416841
228402
436991
383076
383075
382284
382283
300431
299385
298291
295418
286046
285966
285956
285376
223683
190496
130578
129319
129075
127858
127434
126742
122119
121176
119909
113653
111416
110677
110601
110596
109269
109262
108583
108563
108537
108524
108360
107997
107993
107208
573385
298188
295853
295852
263353
225960
108966
171452
135829
246734
171451
300571
300352
254194
204068
170811
109598
287686
256215
295637
289774
106792
280474
234902
222986
203578
172619
167631
135824
135801
384785
383074
383073
382282
382281
324551
300536
298290
297419
295417
291104
286045
286000
285960
285377
283122
275914
260060
216857
167091
154949
141507
132276
126739
113652
111414
111267
109835
108843
107616
107593
106959
106909
106902
106822
106810
106791
573384
573383
298187
295851
285381
240203
113844
297075
237651
234901
172612
164280
295636
178425
108458
237593
205174
436989
384784
383071
382280
382279
382254
367780
302513
300535
298289
295416
291765
291279
286044
285959
284004
152574
141506
141310
127857
119908
118528
113651
111723
111413
108968
107995
107203
106708
106633
106558
106468
106365
106364
106363
298186
295634
294024
290343
228269
141073
133202
297074
256175
107416
287685
237629
295774
295635
289773
416840
203190
173691
165616
451320
383070
383069
382278
382277
298288
295415
291960
291278
291106
289483
285998
284003
275912
203145
151943
141505
140345
132607
127856
126738
118529
115544
113628
111722
111412
106931
106627
106327
106255
106252
106010
573382
298185
297486
290342
203739
106983
399450
297073
256176
217744
439284
203736
107860
439283
222794
193513
154672
106400
439281
424951
383068
383067
382276
382275
298287
295414
291959
291258
216545
189766
186647
154671
151297
148358
141504
115543
114569
113627
113596
111721
111333
108957
108948
108550
106348
106261
106104
106004
573381
298184
295633
279024
208695
175593
111546
439280
273876
297072
256177
106020
422021
287684
422020
295772
289772
237627
106449
444776
444254
443184
383066
383065
382274
382272
374767
312065
300000
298815
298813
298286
295413
295298
292354
292267
292169
292076
292033
289686
285996
284001
234306
201964
201962
198295
186402
173353
170029
170028
155829
154674
149202
149185
149184
142763
142096
141489
140587
139723
139136
129355
129037
127855
126693
115542
114568
113650
111692
111406
111399
110140
108549
106744
106626
106133
106012
573380
522548
511333
298321
298183
297484
285380
120890
256179
256178
246733
200194
203433
106454
422019
217596
295632
422018
416839
237648
106466
422016
436985
385478
385477
383036
383035
382271
382270
307103
298285
295412
291957
291275
288630
285622
235546
195015
154850
140389
139724
119906
118525
113629
111405
111013
108891
108842
108773
107834
107250
107015
107009
107000
106138
105386
573379
298182
290339
285369
108310
297070
236774
105387
422015
235748
186088
299727
439249
287683
203738
439247
295631
289771
108321
422014
433767
385476
385475
383560
383034
383033
382269
382268
298284
297069
295411
285994
285621
285367
256180
139774
139636
119069
113649
113626
111404
108886
108776
108678
108513
108386
108235
108039
107592
107443
106999
105556
105385
573684
573378
298320
298181
297483
290338
285379
221933
140393
120880
439246
465981
232970
439245
107248
289071
163041
422013
295630
203735
172607
439244
256181
439243
383029
383028
382267
382266
345135
298283
297068
295410
291273
288603
285620
246732
235667
216691
200240
186400
185336
163758
158095
155832
127555
124266
119632
113648
110139
108696
108695
108617
108385
107843
107591
106762
106038
105682
105384
573683
298180
285248
283147
276203
259819
237609
133266
439242
258518
187684
300344
439241
287682
259372
237650
108847
295770
295629
289770
439240
416838
236884
439239
436957
385471
383027
383026
382265
382264
300529
300156
298282
297067
295409
291272
285993
285619
239431
181943
168841
142219
142103
138254
125785
124265
119900
117324
113625
113595
111726
111403
108781
108675
108350
106982
105624
105614
105383
573682
573377
498252
298179
285378
142902
120997
109928
226157
106981
439238
107246
422012
280733
295628
409877
383025
383024
382262
382261
300528
298281
297066
295408
291271
286025
283996
185313
129302
124263
117321
113594
111732
111725
111402
109582
107893
107001
106956
106733
106253
106137
106097
105570
105382
105343
573681
573376
298178
186415
108899
107245
171951
287681
295769
295627
289769
256184
203734
187097
259704
383023
383022
382260
382259
378750
298279
297065
295407
291952
291270
289719
285991
275807
142746
134183
118401
117320
114320
113593
111401
110528
109562
108689
108531
108482
108311
107958
106974
106942
106844
106211
106196
106183
105525
105381
573680
573375
298177
282901
171668
217491
256185
295626
416837
436954
383021
383020
382257
378749
298278
297064
295406
291951
291269
289718
285989
283994
258711
142095
133313
132594
130607
122702
121236
115539
113647
113611
113518
109557
108688
106954
106728
106582
106195
106030
105389
573679
573374
298870
298176
167686
237649
106966
256186
287680
295768
295625
227376
383019
383014
382256
382255
378744
355447
298277
297063
295405
291950
289768
285614
283993
195196
159841
150574
133306
132709
127613
119896
115538
114317
113517
109188
109187
108686
108475
106696
106184
105956
105388
105322
573678
573326
298175
288634
236890
187116
106965
166673
287679
295624
256235
251844
221795
383008
383007
382253
347366
298276
297062
295404
291759
289716
285613
275802
149197
142090
135114
119895
115537
113592
108685
107485
106921
106729
106412
106160
105380
573677
573325
298174
189760
133204
106964
204764
155295
295767
295623
200198
383006
383005
382251
382250
298275
297061
295403
291948
285986
285612
235669
189771
186528
151836
150315
149346
135805
120327
117314
115536
114318
113591
113516
111429
108615
108318
107484
106411
106061
106018
105855
105379
573676
573324
298173
181638
106826
256069
108424
416836
279415
383004
383003
382249
382248
298274
297060
295402
291265
285611
202218
149149
135804
132605
121703
117284
115533
114390
113590
113589
113515
111757
108317
107080
106060
105983
105377
103301
77956
573675
573323
298172
283139
175572
150718
130811
120889
118217
110485
256188
203733
167595
166264
287678
295622
172597
106370
383406
383002
383001
382247
382246
312701
311045
303146
298823
298273
297059
295935
295932
295929
295837
295401
292264
292260
292253
292251
292250
291946
291264
291233
291232
291231
291230
291229
291227
289753
288652
286015
285984
285610
273855
246195
185464
185343
183796
179077
149183
149150
145360
142790
140999
140997
135800
134208
134154
121702
119891
114519
114316
113588
113587
113514
108316
106827
106325
106059
105854
105376
573674
505305
484645
480822
466962
466836
298171
292898
237733
223685
184559
165786
130810
130731
120888
117220
117219
110330
107122
106680
106911
256068
223764
175488
155296
106360
295766
295621
238391
186703
176068
438951
384476
383405
382993
382992
382245
382244
298272
297058
297057
295400
287635
285609
285597
285467
189758
135799
131120
130755
122443
121700
119890
117282
116548
113586
113513
108315
106867
106321
106320
105375
104868
573673
298170
292897
291428
157715
130809
120887
294048
295620
256048
279030
256189
186653
383404
383403
383402
382991
382990
382242
382241
298271
297056
295399
291944
287677
287634
285608
285596
283987
184240
154844
153492
141218
133293
131083
130754
130753
122436
119910
119606
119333
117278
116549
114315
113585
113584
113512
108314
106017
105853
105310
104867
573672
298169
292896
291427
285247
220424
216699
130808
120886
111384
107120
294010
173945
287676
295765
295619
383401
383400
382989
382988
382240
382239
345134
300518
298270
297055
295398
291943
287633
285607
285595
285466
283986
151227
142518
131082
130796
121357
119889
119605
119335
118225
116547
115271
114510
113583
113582
113511
111753
108312
105309
104866
104865
99223
573671
298168
292895
223856
120885
287675
295618
383399
383398
382987
382986
382238
382237
300517
298269
297054
295397
291942
287632
285606
285594
285465
285464
275781
202252
142088
121353
119604
118224
116546
116250
114314
114178
113581
113510
108309
106394
573670
298167
292894
290784
203732
279036
287674
295617
149315
383397
383396
382985
382984
382236
382235
298268
298267
297053
295396
291755
287631
285605
285593
285463
283984
275778
134551
130743
123213
119887
119603
119330
118223
116494
113580
113509
111421
111420
111419
111418
111385
108308
105976
104861
573669
298166
292893
165923
287673
295616
383395
382983
382982
382234
382233
300515
297052
295395
287630
285604
285592
285462
283983
151278
130752
130750
120932
118222
114313
113579
113508
106392
105424
104440
103524
103517
573668
298165
292892
285405
120881
107923
259699
237591
171582
287672
200639
295615
186702
383393
383392
382981
382980
382232
382231
300514
298265
297051
295394
287629
285603
285591
285461
269200
189479
127751
120931
118068
114175
113507
113181
108307
108306
106141
105930
105423
104439
103523
101149
101143
101051
100979
573667
298164
297472
292891
113506
107922
105633
220423
170921
287671
295614
259583
279053
383391
383390
382979
382978
382230
382229
298264
297050
295393
287628
285602
285590
285460
149195
130883
119886
115601
114312
108305
106866
103522
101142
100978
100977
99718
99218
573666
298163
297471
292890
140392
113505
107921
105632
381707
140391
280251
287670
295613
465980
256232
384309
383389
383388
382977
382976
382228
382227
297049
295392
294046
287627
285601
285589
285459
210390
195980
168832
167617
108304
103521
101147
101141
101048
100976
99717
99192
573665
298162
297470
292889
285246
113504
106912
101140
167592
255729
226156
287669
295612
101139
383387
383386
382975
382974
382226
382225
297048
295391
287626
285600
285588
285458
241152
241151
123207
119883
114311
103520
101409
101146
100975
99468
97649
573664
298161
297469
292888
228235
189515
113503
113502
287668
295611
99113
279049
186695
383716
383385
383384
382973
382972
382224
382223
300510
297047
295390
287625
285599
285587
285457
241150
241149
235528
151369
130898
119882
101408
101145
101138
100974
99215
99112
97648
96792
573663
298160
297468
292887
222334
175521
113501
105568
105549
167594
295610
416835
384506
384437
383715
383383
383382
382971
382970
382222
382221
312447
307102
298871
297046
296051
295389
292072
292029
292028
291226
291224
291223
291221
289659
289655
287624
285981
285598
285586
285456
283175
283174
274080
273867
273866
273862
241147
241146
235705
233671
232246
174247
171164
165783
158094
154747
140992
130896
130874
124231
120068
120032
111704
101407
101144
100973
100972
99686
99256
97345
97339
384515
347697
113500
187280
186652
185134
295609
383381
383380
382731
382730
382220
382219
298253
297045
295388
292071
287667
287623
275733
265030
248736
241145
241144
220033
155667
130901
130315
118702
116493
101195
99685
97338
96927
95691
95690
93546
204696
113499
101773
99235
232968
241143
295608
132597
383379
383378
382729
382728
382218
382217
298252
297044
297043
295387
294045
287622
258712
233663
172918
166888
142722
141438
130899
119880
116492
116491
99684
99295
99255
97337
96926
94295
93551
90340
113498
101772
99234
167591
287666
186694
295607
383377
383376
382726
382725
382216
382215
298357
297042
295386
287621
241142
233668
186651
172398
155294
141393
130312
117107
110260
106865
105922
99683
97336
96925
93550
90339
101771
99233
295606
232245
383375
383374
382724
382723
382208
382146
343369
298356
298248
297041
295385
292336
287620
248370
150314
130310
129450
129349
117104
110259
110226
105908
99294
99254
99094
97335
96924
113497
99232
204695
287665
295605
256060
259711
383453
383373
383372
382722
382721
382148
382147
304352
300505
298249
297040
291749
291748
287619
275724
154745
141195
130307
129347
129278
119879
117103
116490
116454
108082
99681
99115
97334
96985
96923
96786
113496
113495
96954
96953
166261
287664
295604
385335
383371
383370
382719
382718
382150
382149
300504
298247
297039
295383
294044
287618
245081
173373
149146
139109
129277
129271
127437
119875
117105
108086
108083
106864
99293
99253
96984
96922
96785
93410
113494
259633
295284
256062
287663
256231
295603
385334
385333
383369
383368
382717
382716
382152
382151
300503
297038
295382
287617
275659
266697
198137
150469
139108
129270
119878
117100
116279
108085
108084
96983
96921
94006
93409
92798
287616
113493
96951
187680
167544
287662
236903
424625
385770
385332
385331
383367
383366
382715
382714
382157
382154
382153
300502
295602
295381
288587
275631
186650
174131
130884
129215
119873
117091
108077
108075
99292
99252
96982
96981
92797
287615
113492
96950
256233
390751
287661
385330
384543
383365
383364
382713
382712
382156
382155
297036
295380
266696
231241
152905
119871
116489
108076
99291
96980
94005
92796
287614
113491
96949
118139
384542
384541
383363
383362
382711
382710
382158
300500
297035
295379
288586
281001
280738
280736
235443
230944
186649
153197
141056
124569
119870
117090
116488
116278
108074
99251
96979
94004
93406
92793
451637
238437
113241
228234
418280
287659
391602
390748
384540
383361
383360
382708
382707
382159
300499
295378
292886
291746
287579
165280
152907
140396
119869
117074
116487
116276
108073
106375
96978
95793
94003
92792
92791
90004
113490
106524
106523
287658
390750
384508
384163
383359
383358
382706
382705
382162
382161
297375
297033
295377
293224
292885
291582
291580
287578
273857
272336
238551
230117
216547
196062
170618
152906
142517
135850
119868
117069
116486
116274
110206
99771
96977
96976
94002
90003
90002
468582
297032
107505
105427
167543
228233
140397
297031
140583
448648
383357
382698
382697
382164
382163
295376
292884
291745
287657
287577
251987
124492
123508
119867
116457
116271
113489
110207
110197
96975
95792
95791
94001
90001
90000
175548
136882
383356
382696
382695
382166
382165
298236
297030
295375
292883
287576
154744
119866
116269
116253
113488
110199
110198
108659
105516
96974
95790
94000
93999
93978
454414
186658
175546
287656
140398
383355
382694
382693
382168
382167
358687
303730
297029
295374
292882
291744
287575
190611
146004
141672
140582
117063
113487
110200
108657
105514
96973
95789
175543
383354
382692
382691
382170
382169
298232
297028
292881
287574
275427
159644
113486
110476
110201
105513
96972
96971
95788
90014
238397
175541
90351
140399
167541
228380
287655
383353
382690
382689
382171
382117
298231
297368
297027
295372
292880
287573
280734
275422
119854
117061
113485
110202
110007
105784
105512
95787
90013
90350
109909
140400
280735
383352
382688
382687
382119
382118
300492
299958
298230
297367
297026
295371
292879
287653
287572
256234
152543
133143
119853
117052
113484
110203
110006
105783
80597
239429
186657
90349
109908
383351
382686
382685
382120
300491
298229
295370
292878
287652
287571
197769
130296
117053
113483
110005
110004
92779
92778
109907
90348
259632
255959
287651
129356
383350
382122
382121
298228
297024
295369
292877
291741
287570
275416
268929
166135
154668
119387
117051
113482
109997
109905
92777
92776
80595
90347
287650
382684
382124
382123
317039
300489
298227
297023
295368
292876
287569
275365
251978
249580
171168
133144
117050
113481
109904
108694
77960
167540
90346
114271
383349
382683
382125
298226
295367
292875
287568
275364
255924
119850
117048
113480
108693
108322
108170
108169
92774
258523
90345
297021
114270
251976
383348
382682
382160
382127
382126
300488
300487
295366
294041
292874
287567
126751
117047
113479
108692
108168
108167
105372
80594
113661
414970
411372
383347
382681
382129
382128
353321
344389
298224
298223
297025
297020
297019
295365
290519
287708
280893
276369
273847
273844
239488
233662
223689
186656
149145
149144
143491
126864
123007
113478
108691
108166
108165
80593
468569
239169
113660
108163
114268
382680
382130
297018
295364
239297
133148
130292
113477
108616
108164
105793
80592
113659
114267
382679
382132
382131
297017
295363
288578
276371
239172
117031
113476
108162
108161
108026
77959
220991
111424
382678
382134
382133
298218
297016
295362
287646
275284
239044
175994
169131
142753
128903
117029
113658
113475
78321
78320
77964
77958
77955
74732
167479
382677
382136
382135
298217
297015
166062
119845
117028
113657
113474
99297
88708
78319
78318
78213
77963
77957
77954
74731
105770
114264
382137
300481
298215
297014
295360
202340
163543
162203
126734
114347
113473
80610
78317
78316
78229
78212
77962
77953
74730
473381
78170
448718
383452
382138
298213
297013
295359
238498
186655
132453
119843
114448
114345
114263
113472
109984
105365
103526
80609
80570
78330
78228
77961
74729
69350
114262
449471
382139
298211
297012
295358
287644
259444
219735
170031
130286
119696
113471
105364
80588
78227
74728
74727
69349
68520
68519
66280
453516
114261
382140
298209
297011
295357
142026
119841
113470
80587
78226
74606
69348
68518
51630
220108
259630
114260
256666
382141
347588
300477
298208
297349
297010
295356
287643
265069
154663
107785
105362
80586
78225
77495
69347
68517
51629
468581
468568
197123
114259
264562
382142
300476
295355
158826
148099
128972
119855
105361
78224
78223
69346
68516
51628
347818
114258
382143
295354
287642
192520
145258
142792
141113
119844
113469
108330
108261
78222
69345
68515
66249
52121
51627
414969
398223
114257
411771
411528
382104
345682
299256
298221
298220
297006
295353
289640
289629
289628
289627
251974
239561
239545
225119
223688
201347
187399
186381
172625
145257
135888
123314
116509
113468
68514
55333
52120
51626
222109
114256
297005
295352
287641
236772
221330
139721
133637
133635
133634
130133
126724
116508
114070
113467
69357
68513
55332
53498
69356
114255
362929
299012
297004
295351
291732
119842
116507
113466
78235
69372
68512
55331
53497
66269
114254
309318
297003
295350
287640
275205
185458
116505
113465
78236
69355
68511
55330
121746
66268
300285
324772
309317
297002
295349
275201
116504
113464
69371
69354
68510
55329
50744
68398
51616
287639
259582
110557
448691
353416
309316
297001
295348
280477
275189
119839
113463
108758
69370
69353
68509
55328
51615
436891
297000
295347
113462
69369
69352
68508
55327
51758
50801
436890
309314
296999
295346
287638
269228
264956
233951
186654
160840
113461
69368
69351
68507
55326
51757
49449
51614
362932
309313
296998
275187
160826
143313
119836
113460
69367
68506
55325
52112
51756
51625
292852
300280
125067
309312
296997
295345
287637
201510
187369
169134
160825
160824
150313
113552
113459
69366
68505
51624
451613
419325
300104
299004
296996
275183
254407
169135
159170
141614
132393
113458
68504
51623
309309
296995
295344
292850
220425
169136
134197
132392
123573
122439
122438
122435
113457
68503
51622
414968
148445
359027
353155
344393
344392
344391
296994
296993
295343
287552
275178
269240
236773
236771
225118
181501
169132
141112
132391
122495
113456
69363
68502
68437
51621
49404
47464
269239
385753
359026
311239
300101
296992
295342
193680
144664
124157
122425
113455
68501
68436
51620
51224
49403
47463
287611
359025
311238
296991
295341
193679
174451
133206
124045
113454
69361
68500
68435
66910
51223
49402
47794
296990
359024
295340
275175
273382
273380
258497
195914
124017
113453
69360
68499
64480
51619
296989
436881
324778
311235
300271
295339
195913
119834
113452
68498
49400
311233
309302
296988
295338
291726
275173
195911
113451
70476
68497
296987
383844
324779
295337
264864
131863
113450
68496
49398
117435
448658
383843
359019
296986
291725
119829
113449
68495
66296
50788
49397
287605
117434
268917
137487
383842
359017
296985
295336
219407
113448
95862
82320
75669
68494
65818
48485
47882
46498
287604
117433
425794
316820
296984
113447
91362
91361
68493
66295
47881
46497
287603
143312
117432
117431
46305
383840
359015
325024
296983
210024
193677
146291
113446
95860
82318
68492
66294
65816
65655
51215
47880
46309
113445
174448
136073
120141
91360
68491
50784
47879
46282
46267
451606
117430
107040
51038
46230
397331
415126
362940
358697
296982
291120
284458
280257
275138
264832
235815
197697
193675
132413
113444
99855
99851
95859
91359
83124
75666
68490
66900
66293
50783
50742
47878
46494
46235
362919
202258
113443
117429
291925
291722
264830
263480
208855
124309
91358
78495
68489
66887
46149
117427
66898
51036
46123
294518
359010
300261
291924
291721
275132
193674
132385
115161
113442
99250
96145
68488
66886
66291
65814
50740
46127
46125
46118
46099
46092
113441
75632
46082
300260
268921
141464
132384
82313
68487
66885
46081
46057
113440
75631
411275
46036
294486
362942
325028
300086
291718
126199
68486
66289
46012
46005
269238
113439
75630
45989
385745
300085
193673
82311
68485
45957
113438
75629
45944
325029
313835
111966
82310
68484
45922
143311
139640
113437
75628
45905
300083
291716
205562
129434
119838
68483
66286
66257
65788
45877
287593
113436
75627
45859
45815
396257
111017
393977
373088
318633
300082
280067
275123
125695
119832
74573
68482
50775
45833
119746
113435
75626
45811
318634
316701
275122
170730
99243
68481
45787
45784
45773
451903
113434
46004
75625
45761
362945
318635
300253
99242
68480
45737
45735
45724
113433
75624
45703
318636
291712
99241
68479
45683
45679
45665
113432
75623
45646
383839
345556
318560
300251
300078
289038
275107
252096
252095
252094
179083
179076
148170
142466
119827
99240
68478
45618
451599
249043
45558
45554
396252
300077
290433
123893
99239
50770
45544
45526
396251
141387
108916
64477
57306
50769
45504
45467
45453
45441
45440
45428
45427
151025
300075
68476
66407
64476
45399
45395
45364
45363
45291
45356
381779
165785
64475
64474
45311
45307
45290
45289
451597
446691
152728
413273
259703
227425
64663
64473
57305
45217
45204
45203
45202
45176
381777
362949
296961
292203
266892
143310
132824
99148
65777
64472
45116
45115
45114
451596
139757
279571
209055
126670
64471
45034
45033
45032
381775
313948
300070
279570
158925
125442
119822
64470
57304
50763
45048
44952
44946
44945
44944
436852
381774
313947
248360
209056
99147
64469
44878
44866
44865
44864
139732
381773
300068
64468
44832
44774
44773
44772
44770
64467
139733
226969
113555
50760
44732
44688
44687
44682
44681
44680
44678
358035
64466
44576
414936
139734
384469
381767
291707
291706
291705
291704
291702
291700
269237
224730
195706
180546
178809
160797
160795
160700
149875
110960
44570
44569
44568
44565
468802
139735
275040
178808
64465
44455
44454
44451
44426
44410
44400
44399
44398
44395
44392
44309
139765
381765
209049
178807
140971
64464
57303
44303
44302
44301
44298
411252
139736
196305
127558
96292
73738
64662
64463
44200
44193
44192
44190
411251
139737
396090
381760
313940
279535
226956
64661
64462
44096
44095
44088
44087
44085
139738
425796
381756
227104
119817
64660
64461
57302
44006
43983
43982
43977
43976
139739
313938
143309
101785
68477
43915
43886
43885
43880
43879
305566
139740
386949
381617
181104
121291
111181
96289
64659
64460
43782
43777
43776
43775
139741
381616
362920
226909
121631
96288
64658
64459
57301
51702
43694
43688
43687
139742
43591
139743
381615
200815
170625
127462
121614
64657
64458
43594
43592
43584
43583
43582
107398
139744
202257
197056
135774
130186
121028
114727
64656
64457
51700
43493
43488
43487
43486
411244
107397
139745
381613
114726
109110
64655
57300
43397
43395
43389
43388
43387
43379
417705
139746
384396
172358
166513
152366
130184
125586
120919
114725
64654
64456
51699
43283
43278
43277
43276
43269
305538
411242
169250
139747
381611
160839
143308
114723
64653
64455
43105
43089
43083
43082
43081
43073
43065
139748
381610
166452
159171
153415
151351
141628
114719
107693
105607
77951
64652
64454
57299
42992
42987
139749
381609
267152
218573
160838
157289
114718
108418
77950
64651
42904
42886
64650
139750
200223
114714
77949
64453
42799
436832
381606
255718
159413
114713
109399
77948
64649
64452
57298
42704
42703
139752
218570
114711
109398
77947
64648
64451
42605
42601
42599
139753
255723
218347
192292
121394
114705
113519
109397
96930
77946
64450
42498
42497
105978
139754
255722
218345
139755
114704
113554
77945
65629
64647
64449
42401
64448
139668
381602
218344
114623
111127
77944
65628
64646
42305
273699
105511
139644
435932
381601
218209
165787
125771
119033
107018
65627
64645
42210
42201
139643
381600
218049
148446
125770
114654
97653
57297
42100
42099
139642
316389
292086
266055
218048
202842
197051
194022
170759
167037
125769
124299
119965
119327
114653
77941
65625
41991
41984
41773
139641
381598
294072
219686
218047
125747
125022
121249
117446
114652
109872
108452
41774
41765
110386
139626
381597
319844
217583
217581
120918
118062
114651
108245
107561
78466
41645
139552
65624
65554
64642
64444
217580
160835
114649
107560
41518
41517
239412
140414
65623
65553
64641
64443
382457
239410
217410
172301
134665
129094
120140
114648
107457
41406
41388
196059
190632
190583
135337
109299
65552
64640
64442
217409
114647
41259
140411
65621
65551
64639
64441
382456
293884
217407
131272
121504
117815
114646
41119
111213
110899
65620
65550
64638
293883
217179
166480
114644
107500
125693
65619
65549
64637
64440
57296
388674
293882
217176
201538
145600
141650
114639
40864
125692
65618
65548
64636
64439
388671
217170
166252
137379
114640
91571
64981
40734
40723
211817
125633
65617
65547
216992
166251
141649
137378
118602
114638
108737
64978
64635
64438
40596
40595
216991
166250
158495
137377
114637
65616
64975
64437
57295
40462
78416
415946
379546
373053
310866
269989
202027
174145
167079
167039
166451
153038
137376
134448
127419
114636
70492
66565
65615
65545
64972
64633
64436
40326
413352
300408
78415
169029
216990
166249
166248
119964
114620
65614
64435
57125
57052
40110
40088
40085
216537
166479
166247
115457
94407
70246
68468
65612
65132
65123
64434
57294
57051
39969
39945
39942
293875
274662
216536
166246
111981
94406
65611
65542
65130
64630
64433
57131
57124
57050
39800
39787
39704
293951
293874
166245
70411
65610
65127
64629
57130
57123
57049
48960
39654
39498
294274
216312
170751
166241
166066
94404
70410
65609
65125
57293
57129
57122
39514
39513
39511
39508
39505
38400
39424
39369
436807
293872
214809
166244
111968
107475
65608
65121
57134
39381
39379
39378
39374
39373
39283
318832
214808
157263
77999
77439
68463
65607
65120
57133
39233
39231
39230
39229
39224
39221
39141
38408
39131
216309
166243
164406
65606
65118
64432
57292
57132
57128
47731
39092
39091
39089
39088
39083
38989
278076
216307
95445
66463
65605
65116
57127
47730
38981
38951
38949
38948
38942
38853
38852
38791
216181
150232
130401
121193
65604
65113
57126
38843
38809
38807
38806
38799
38712
19373
38702
216180
196060
181498
136871
116006
65603
65111
57291
38695
38665
38664
38662
38661
38654
38563
38510
407525
256217
57659
432256
392499
355768
322175
315921
269988
236861
216179
202025
166434
166432
136870
119962
117804
65602
65109
52037
38555
38541
38516
38514
38513
454220
38309
57658
496217
496216
436802
169030
161260
95216
94946
65601
65107
38267
38265
38264
38245
239408
38152
157257
150229
108716
94945
68457
65600
65105
57359
57290
52035
38110
38109
38107
38106
38098
38097
37988
37955
215873
199549
199548
138245
119803
95199
94944
86097
68456
66511
65599
65103
57358
37960
37959
37958
37950
36679
37804
37789
496215
94943
65598
65102
37952
37826
37812
37811
37808
37807
37797
36670
37665
496213
313724
215872
115929
95152
91551
65597
65100
57289
37703
37673
37672
37669
37668
36656
57646
150318
496212
215871
157254
138244
77556
65596
65098
37565
37559
37550
37530
37528
37527
37526
37517
505416
57645
496210
313722
166115
157253
108552
108126
95150
77998
77554
65595
65095
37416
37378
37375
37374
37356
505415
57644
37272
496209
157214
122930
95589
95149
91548
77553
65594
65094
64431
57288
37242
37241
37238
37237
37209
57643
37134
496207
334959
122761
122679
108710
77552
70230
65593
65092
37103
37100
37099
77551
64599
57642
36977
496206
388463
321994
234627
214807
126386
106440
70229
65592
65091
52027
36985
36984
77550
64598
57641
496204
215741
160830
126384
117652
70228
65591
65089
52026
36871
36869
36862
136899
64597
399794
496203
386898
373989
359354
345702
317595
300413
300412
300411
300410
220505
215067
210215
210214
210213
209898
166939
166433
145989
140692
136862
127461
126368
108237
103925
66525
65590
65087
64596
36770
36768
36767
36766
36764
36558
64595
36535
496141
215065
138243
126366
66524
65589
64594
36525
36524
36522
36521
36517
35181
222325
64593
496140
359353
131350
131213
107620
91542
65588
65083
64592
36411
36409
36407
36403
35179
64591
496139
215066
157251
65587
65081
52022
36305
36288
36287
36284
36280
35185
35172
36144
496138
425559
382568
313334
138241
136857
114278
107806
65586
65080
64628
57732
36175
36161
36155
64498
36022
496137
313333
180862
153170
138240
114277
65585
65078
64627
36033
36025
64497
496136
214957
157244
138239
129085
114276
65584
65076
64626
35916
35907
35903
118524
68443
64496
496135
334816
159411
154405
114275
77997
65583
65073
64625
64430
35792
35790
35783
35780
35777
35171
64495
35685
496079
215740
138238
114884
65582
65072
64624
35688
35687
505413
496078
214956
157245
65581
65071
64623
64494
35585
35584
114497
73805
496077
65580
65070
64622
64493
35493
35482
35481
35368
35385
171748
496076
220213
65579
65069
64621
64492
35376
35375
107452
496075
386901
345678
335828
226991
225063
223355
215739
195705
150227
148169
127450
113267
113266
103924
86090
65578
65068
64620
35272
35266
35256
160694
496038
211654
184321
180622
150226
140757
65577
65067
64619
35047
35029
35015
35002
35000
34993
34938
33695
186080
496037
273837
138236
65576
65066
64618
52011
34930
34910
34899
34897
34896
34882
34871
160818
496036
157246
122582
65575
65065
64617
52010
34794
34783
34780
34777
34764
34755
455366
453767
34641
34695
111581
496035
277826
180621
170721
157248
138250
77996
66432
65574
65064
64616
64429
47594
34694
34673
34671
34662
34660
34647
34638
33691
34520
496034
277705
66431
65573
65063
64615
34564
34557
34547
34546
34543
34529
33689
34414
34408
34405
73799
159397
496033
220687
157210
103923
65572
65062
64614
34455
34431
34415
34412
52006
34293
34291
34290
496032
379746
218207
180620
157209
132450
65571
65060
64613
34330
34324
34315
34314
34310
34302
34193
34192
496031
214603
157208
138252
65570
65058
64612
34233
34226
34216
34215
34206
33688
455365
34086
496030
277698
213794
157207
132449
65569
65056
64611
34145
34124
34113
34112
34100
33984
33983
496029
281797
180619
138248
65568
65054
64610
34008
436771
33866
159395
496028
217995
159394
145986
132448
65567
64609
34092
33894
33891
33867
436770
33768
214471
496027
384386
383544
335340
293748
223946
223686
221852
214955
214604
214470
184317
157206
156712
118717
65566
65051
64608
33989
33795
33794
33781
436769
33524
214468
496000
213793
157241
134782
86086
65565
65049
64607
33871
33553
33552
33550
33535
436768
33417
495999
169007
159408
65564
65047
64606
33445
33444
33429
33424
33306
495998
334774
281304
212481
169008
114141
65563
65045
64605
33335
33318
57806
495997
159392
65562
65042
64604
33251
33214
33213
33186
32223
30634
436765
107610
495996
145985
112516
77995
65561
65040
64603
33131
33119
33100
33070
32216
33193
495995
228382
189705
169016
65560
65038
33012
32984
32983
32956
32838
32832
495994
172208
65559
65036
32862
32830
32722
495993
313663
113926
110288
65558
32773
32743
32742
32729
32624
495992
65557
65033
48871
32675
32648
32645
32632
32622
32515
495991
157240
65556
65031
32537
32529
32513
495990
157239
113559
65555
65029
47431
32444
32437
32430
32429
32414
32412
251050
495989
431779
431166
430870
386904
383543
345704
317459
278081
233936
231925
171667
166761
135700
117805
113265
65026
32338
32334
32329
32082
30617
326640
32075
65025
495913
387834
311434
150225
65023
47428
32071
32053
32019
32014
31991
31941
31916
31866
31860
31936
65021
495912
311433
65019
47900
47899
31937
31933
31887
31886
31883
31872
30691
30615
31804
31783
31756
495911
466888
313649
311432
65018
31782
31779
30666
30616
31698
31646
495910
364826
358635
311431
65016
31672
31668
31650
31645
30692
30632
31533
495909
311430
200103
65014
31557
31555
31552
31152
30596
31429
31444
495907
65012
31454
31452
31448
31438
31316
495906
329734
65010
31342
31336
66340
31211
31207
495905
466749
167456
65008
31231
31225
31094
495904
171789
65006
31118
31113
113269
31007
495903
65004
31004
31001
30906
30883
495902
466746
430424
171788
65002
47417
30901
30894
30773
495901
431733
316469
219397
169716
128898
116592
110292
84692
65001
57121
30798
30792
30858
30567
30424
30423
495230
64999
30449
30444
30434
30358
30301
495229
64997
57120
48869
30327
30321
30310
30307
29040
30230
30173
495228
77994
64994
30195
30189
29036
30101
30048
495227
364825
277693
64992
64428
57119
48867
30072
30064
30057
29034
29950
29943
29936
495224
109298
64990
48866
29955
29819
495223
171567
64989
57118
29840
29833
29701
495221
64987
29720
29715
29584
495219
272004
64984
57117
29605
29602
29598
29476
495216
217658
64982
29495
29490
29489
29485
57035
29365
495214
64979
57116
29385
29378
455357
29256
495212
64976
57104
29274
29269
29150
29137
495210
431731
394495
274086
230299
222070
64973
57115
29159
29152
108698
95183
28919
495106
212027
171245
64971
28936
28931
495105
166072
64970
28819
28806
28805
28795
27587
27558
95181
495104
64969
28701
28691
28682
95180
28560
270134
495103
170863
166071
64968
28579
28575
28569
27607
28453
495102
334000
64967
28471
28462
455356
28332
495101
64966
57112
28352
28342
28341
366811
28218
495100
95177
64965
28235
28228
95176
28108
495099
315155
315154
169927
64964
57111
28125
28118
28117
28007
376362
495098
169701
64963
28024
28018
28017
27893
495097
313182
313181
64962
57110
27913
27907
114552
95173
27790
27783
251274
251273
251272
495096
64961
27804
27800
251271
27671
251270
251258
251257
251256
495095
424097
224921
224920
224919
224918
211874
211873
211367
211366
197667
192272
114773
95172
64960
57109
27692
27686
27608
455355
27481
251255
251254
251242
251241
495094
441911
95171
64959
27502
27497
27375
251240
251239
95170
251238
251227
495093
441913
251226
157224
112515
64958
27397
27392
27270
251225
251224
251223
251210
495092
217540
109297
95169
64956
27288
26301
455353
27174
251209
251208
251207
251206
495091
364824
157222
95168
86082
77993
74451
64954
27191
27187
27094
27076
251094
95167
251193
251192
114772
251191
251190
495090
157221
141647
64952
27096
27095
27090
26982
109645
251189
251176
251175
251174
495089
217612
95166
26999
26994
26991
366810
26884
251173
251172
251160
95165
251159
495088
64949
26904
26898
251158
26783
251156
251155
251143
251142
495087
64947
26806
26796
26692
251141
251140
251139
251111
495086
64945
26712
26707
26703
26598
26592
251110
251109
251108
251107
495085
406262
64942
57523
26615
26608
95161
26495
495084
64941
57522
26521
26514
95160
26387
495083
221785
221063
211364
57521
26415
26409
26325
26183
495006
281063
95159
64937
26233
26212
26205
26071
495005
145976
64935
64427
26117
26107
26099
26076
26074
25091
465806
451526
25971
495004
124314
117738
64933
26001
25993
25866
57517
495003
265742
145975
77992
64931
25897
25890
25882
451524
25775
105303
495002
145974
64929
25802
25796
25776
451523
25673
495001
145973
133255
114771
25702
25692
25689
25574
495000
315361
145972
25603
25597
25591
25479
494999
145971
25501
25492
25490
25407
352895
494998
315363
145970
57515
57204
25396
25395
25379
25268
368597
303917
494997
133251
112034
57514
25301
25294
25292
494996
435885
358814
133250
57513
25279
25270
25269
25267
25250
451517
25170
494995
234407
211197
211196
210534
210520
159405
57512
57422
25173
25172
25171
25169
25154
25002
494994
358607
171913
64426
57511
25007
25004
25001
24981
24897
171911
327862
327861
494993
145966
57510
24921
24901
24899
24896
24880
24797
24789
327860
494992
358210
145965
57509
24803
24796
24792
24777
23785
225156
24698
494991
64924
57508
24704
24687
24608
494990
358031
57507
24621
24615
24607
24593
209897
24508
494989
57506
24513
24507
24496
366807
209896
24412
494988
357960
57505
24415
24411
24396
24313
24318
494987
357881
209109
57504
24312
24297
24209
494986
217561
24217
24212
24208
24191
24103
494985
357762
160823
145958
24108
24102
24086
23986
494984
23989
23985
23969
23882
23862
494983
210550
202289
23903
23890
23881
570178
413358
366809
23733
494815
357609
23744
23741
23739
23732
23726
23715
22738
23635
494814
325782
145954
84683
64919
23646
23644
23615
23614
23548
22723
494813
357393
325781
84682
68389
23552
23547
23534
23532
23531
366806
23459
494812
84681
64914
23465
23442
23441
23379
494811
357299
305503
84680
23383
23378
23377
23362
23361
23297
494810
145951
84679
64908
23303
23280
23209
494809
114774
84678
23216
23215
23210
23208
23192
23176
23126
494808
84677
23142
23135
23125
23109
466560
23038
23021
494807
138211
84676
24207
23060
23047
23037
23035
22956
494806
189725
138202
94437
84675
24099
22966
22955
22939
22868
494805
138114
84674
22878
22869
22867
22852
22797
22789
494804
315072
291183
225158
222240
217546
169712
138106
22805
22796
22795
22792
22781
465788
22676
22659
23729
22683
22675
22673
22599
22581
21796
494803
108345
22608
22598
22593
22585
21812
22525
22506
494802
22533
22524
22521
22519
22516
21801
22451
22435
494801
22459
22450
112838
22381
22364
494800
22389
22382
22380
22307
22293
22292
494799
202019
22315
22306
22304
22303
22298
366805
22236
22230
22221
494798
494797
22244
22235
22234
22227
22168
22159
22152
494796
114149
22176
22167
22165
22158
22088
22072
494794
22096
22089
22087
21782
22016
22000
494792
84663
67542
22024
22015
22013
21953
21936
494791
84662
21945
21935
21922
21919
21863
21849
494790
433581
358696
358695
358694
345541
325545
214389
160964
141651
136279
84661
67541
21872
21862
21851
520941
504868
504703
464315
413356
125901
21737
21719
21680
20919
494652
156077
84660
21747
21736
21726
21667
21653
494651
325544
67540
64905
21676
21615
21600
21583
170304
494650
170300
217315
84658
64903
21609
21606
366803
21518
21504
170299
170298
494649
67539
64901
21528
20901
21446
21432
170281
494648
84656
64899
21456
20904
21393
21380
21366
494647
140620
84655
67538
64897
21389
21365
21306
21291
494646
109296
64895
21307
21232
328057
494645
67537
64893
21255
21197
21167
494643
217343
64891
21192
21171
21115
21114
21106
21100
21113
494641
67536
21122
21042
494639
21052
21041
21028
20975
20961
359470
447863
494637
347983
291182
218997
84659
84657
84654
67535
66606
20988
20983
20974
20925
407252
20883
20866
20851
494635
64886
20877
20799
20787
494633
67534
64884
20807
20800
20036
20750
20736
20731
20722
494631
64882
20751
20745
20724
20721
20047
366801
20654
494629
67533
64880
20676
20596
20583
494627
217311
110314
66618
20607
20606
20034
20534
20520
494625
84643
67532
64878
20546
20542
20541
20476
20460
20455
20446
20445
328086
328085
494623
190796
100757
84642
66616
64876
20469
20054
20398
20391
20385
20379
494621
100756
84641
67531
66615
64874
20399
20332
20317
20302
494618
84640
66614
64872
20326
20247
20233
494616
84639
67530
64870
20254
20248
20185
20171
20158
251073
251072
494614
84638
66612
64868
20180
20104
20091
251071
251070
494613
391572
383567
347018
328283
328169
291181
224964
217305
165757
130049
84637
67529
64866
20110
20056
366800
20005
20000
19991
19976
494516
84636
64864
19113
19111
19082
19925
19913
494515
466622
84635
67528
66609
64862
19931
19930
19851
19836
277759
494514
271922
130047
66608
64860
19858
19085
366799
19784
19773
494513
67527
66607
64858
19789
19777
19775
19712
19698
494512
466621
109470
19726
19719
19658
19648
19634
494511
169440
123628
67526
64855
19653
19641
19580
19574
19568
494510
466620
84630
64853
19587
19513
19497
494509
84629
67525
64851
19519
466557
19440
19422
494502
328178
84628
64849
19448
19374
19366
19358
494498
325351
180630
172414
84627
67524
64847
19381
19302
494497
84626
19316
19310
19301
19284
19200
19190
19182
494495
383545
269807
249092
225161
224088
178068
175499
84625
67523
64836
19205
19127
19048
19028
494493
84624
19054
19047
19033
18107
18971
18954
494491
84623
67522
64842
18978
18904
18884
494487
236268
64840
50933
18910
18824
18808
494485
364827
217225
84622
67521
67520
64838
18831
18745
18730
18726
494484
465131
236106
84621
64834
18756
18751
18665
18648
494483
224053
109294
84620
64832
18655
18586
18568
494482
217222
180625
167148
84619
64831
18593
18515
18511
18503
18487
167144
167143
494481
84618
67519
64829
18429
18402
494480
172412
84617
67518
64827
18434
18422
18333
18318
18256
494479
239300
84616
67517
64825
18341
494478
84615
67516
64823
18266
18262
18239
18238
18173
18155
494477
409449
269968
217168
180626
167165
167164
167163
84614
67515
64821
18181
18112
471629
18051
18033
267967
267968
67514
64820
18063
18059
267969
17974
17970
17952
267970
267971
267972
249082
67513
64818
17979
17880
17862
249081
249080
248994
248991
217183
67512
64816
17889
17866
17787
17767
248989
248988
248986
248985
67511
17795
17786
17779
17010
17693
17672
17035
248983
248982
248981
248979
248977
217212
67510
64809
17707
17700
17696
17605
17588
328307
248975
248973
67509
64807
17615
17512
17491
328306
248971
217163
67508
64805
17520
17446
17436
17421
64803
17445
17437
17015
17357
17341
17335
96017
67507
64801
17366
17030
17274
17258
17195
135879
135864
64799
17290
17283
17266
17182
67506
64797
17208
17204
17171
17108
17089
415186
223710
217206
167153
167152
64795
17119
17111
17037
512195
452197
16968
16943
67505
64793
16977
16976
15915
16884
16880
16860
15930
127491
64791
16870
16868
16788
16760
216977
67504
64789
16804
16792
16779
16690
16673
16672
550129
64787
16607
16583
67503
64785
16514
16494
392712
67502
64783
16515
16500
16427
16416
16405
64781
16347
16330
64779
16267
16243
67501
64777
16173
16156
64775
16164
16090
16069
328566
328565
105398
67500
16075
328564
190789
16011
15991
327070
411725
355567
279220
269299
167150
142469
112157
64773
16023
15936
15935
15928
417916
15874
15863
15855
15882
15791
15772
101437
64771
15694
15668
328547
328546
64769
15909
15702
15593
15572
15600
15576
15491
15469
64765
15501
15499
15488
15364
15395
15378
15283
15259
64763
15290
15275
15191
15170
251250
223046
223044
251248
15197
15182
113537
111360
144086
121299
110313
113536
110162
15137
144085
15067
15075
15066
15046
265145
167147
14988
14966
14957
14952
14848
14857
14847
14827
14770
14775
14769
14749
14745
14686
14675
14665
14660
14652
14595
14594
14573
14569
14500
251185
251184
251183
222707
14499
14486
14480
14432
222706
222705
14421
14408
14347
179277
14346
14328
14275
14255
14203
14202
14188
14135
14140
14117
105443
14070
14065
14057
13999
384298
269971
148428
142591
14003
13978
13920
13891
13915
13890
13875
13805
251104
13804
13783
13706
13705
13682
13589
13572
13588
13564
13487
13477
13500
13486
13479
13467
13395
328414
328413
13377
12781
328412
13285
13284
13264
13263
13186
328406
328405
328404
13169
13118
13106
328403
328402
328401
328400
13117
13096
328399
13017
328398
328397
328396
328395
49365
13007
12999
328394
328393
221015
221014
12933
12914
12840
221013
221011
220757
220756
176943
12822
220755
220754
220753
220443
220442
12747
12728
12658
220441
220440
220439
220317
12657
12640
220316
220315
220314
220313
12582
12563
12489
363880
12488
12473
12423
12412
12409
12345
12339
12343
12332
12267
12271
12258
12196
12195
12182
12133
12117
12058
12047
11996
11987
167176
11924
11917
11916
11838
11811
11782
11790
11776
72573
11717
342115
330478
11657
11609
11597
11549
11538
11489
123956
11488
11486
11483
11426
11424
11384
11374
11329
11320
11273
11271
11224
11214
11150
11125
11096
11095
11094
383876
11059
11050
11047
383875
11001
10947
10946
10904
10895
334107
334106
383872
10852
329936
329500
10808
10799
329254
10764
10753
10719
10716
10707
10662
10616
353189
334109
175498
167162
167160
167159
167158
167157
167156
167154
167151
167149
167146
167145
10626
10566
10518
10506
10484
10461
10399
10410
331370
331369
10352
10312
10307
10302
10268
10257
10211
10209
10198
10152
10146
10102
10091
10050
10038
9997
9987
9986
186111
113995
109504
166098
113994
111514
110291
109503
186109
137386
109502
318410
255600
331368
124563
110290
109501
186108
109500
166097
110289
109499
247220
109467
247219
166074
109468
109466
136901
419564
109464
109465
109460
9938
9934
277660
331361
325462
163903
9882
9876
9813
9756
9751
9714
9682
363877
9619
9618
9610
9565
9552
9487
9483
471644
9423
373569
373210