35917
43901
21748
55746
35188
2293
79073
42991
48343
31699
37512
32343
27863
30122
28237
23402
10809
56017
9185
31920
25832
89345
71998
47832
31034
39622
35652
60970
46002
38518
27625
71518
85086
65762
87931
32492
43379
38270
68646
34890
32372
67987
24916
69789
23401
30306
21546
36789
41829
68974
35543
32600
34138
32067
46579
30219
96168
35943
32702
81673
60890
42370
39166
46070
32296
28977
40810
80800
31612
3860
35415
39093
24551
32861
42957
28159
28114
36993
32629
36116
27331
26105
30947
40895
30735
87316
37510
34836
47720
30823
35213
30350
28013
97872
35918
28570
45529
26686
91103
34246
23510
35783
40026
35197
46073
94136
41524
76175
28301
27312
54370
30367
50267
77333
35545
67396
32681
94439
42845
77727
34208
44689
23949
35207
28017
31475
39277
32422
30111
92578
27602
80161
38936
32464
30120
3225
46562
5047
