36364
2127
18619
6354
6218
27176
57535
9202
3519
73420
18094
7084
43215
78701
77857
28576
29838
32888
11310
2576
2702
4249
2870
11306
11497
10379
2400
34653
41955
7257
43884
5044
33227
32302
11069
4421
35874
9142
22394
21106
2863
86244
50701
2190
53919
5562
33777
23606
2133
2918
2709
33255
27381
34669
4079
71321
11066
83156
44477
43539
80597
85762
21470
18397
6219
18160
65113
2045
4798
18354
18846
50754
35470
2858
18100
43785
73718
18245
85088
3143
23630
85976
34724
33063
21674
5788
18259
18494
11298
18155
19951
65725
5048
18177
4230
4587
2909
18898
80332
53726
2354
4586
20713
78355
83125
38236
4072
68922
21228
2406
42490
19157
25606
37823
31326
19638
19252
86399
38905
30505
28515
20065
20414
87477
66450
56667
41410
11305
34467
5024
3490
6211
36480
21695
20232
94668
17998
82109
22899
3626
31128
22130
18653
10731
20983
21032
25457
6000
26082
19176
18198
18195
3520
60440
9375
6558
87428
4600
19791
19685
37819
94788
11799
22138
2189
55552
6226
28726
77424
7255
2512
91154
18500
33236
37120
2696
78717
